PoiID	NEAR_X	NEAR_Y
0	586690.528	1110905.697
1	586260.5348	1109495.351
2	585608.1907	1108898.703
3	586627.3575	1110902.227
4	586690.528	1110905.697
5	586393.7856	1109743.468
6	585838.8736	1108979.904
7	586284.2758	1109507.846
8	586687.16	1110907.425
9	586690.528	1110905.697
10	586690.528	1110905.697
11	586690.528	1110905.697
12	586690.528	1110905.697
13	586392.7945	1109742.637
14	586368.0038	1109721.837
15	586178.389	1109426.122
16	585970.6503	1109256.136
17	586479.6047	1110600.267
18	586293.6374	1109575.54
19	586819.0607	1110026.299
20	586829.6358	1110036.602
21	586150.5816	1109419.663
22	584482.3524	1108446.687
23	584493.3938	1108698.74
24	584378.6274	1108559.225
25	584494.8368	1108700.467
26	585708.3821	1109075.83
27	584482.4471	1108446.631
28	584481.7078	1108447.067
29	586361.8985	1109069.959
30	584991.4835	1108360.278
31	584501.1163	1108707.983
32	586337.5295	1108916.899
33	580045.0334	1115288.413
34	585181.2113	1111647.462
35	585574.0912	1108867.572
36	585539.2393	1110473.651
37	585181.0563	1111647.308
38	585704.9189	1110309.698
39	585825.6467	1109126.475
40	584660.8249	1109465.154
41	584577.5567	1109598.542
42	584732.1623	1108975.001
43	586505.9053	1111249.135
44	586505.9053	1111249.135
45	584625.3533	1109521.976
46	586483.2919	1111235.258
47	584601.4274	1109560.304
48	584649.1963	1109483.782
49	585249.6187	1110768.242
50	584589.1837	1109579.917
51	585262.1973	1110755.267
52	584636.9833	1109503.346
53	584613.0561	1109541.675
54	586083.0253	1110993.117
55	586276.6317	1111114.992
56	586860.5138	1110093.578
57	586098.7679	1111002.906
58	586291.3053	1109514.755
59	586100.3622	1109351.079
60	586108.4696	1109377.91
61	586141.421	1109410.941
62	586155.073	1109423.94
63	584111.5674	1110599.739
64	581302.7193	1114066.518
65	581775.5193	1114069.053
66	584112.7742	1110600.945
67	586296.6316	1109624.416
68	586224.0997	1109467.079
69	583285.8703	1112740.875
70	583442.6322	1108133.22
71	582738.3853	1108634.514
72	584112.8538	1110601.025
73	583958.1832	1112065.2
74	583115.8957	1110835.12
75	584204.8612	1111817.355
76	584416.0687	1108606.189
77	584322.1243	1108492.132
78	584425.6831	1108617.696
79	584527.6889	1108739.442
80	584419.8828	1108610.754
81	584408.576	1108597.22
82	584584.45	1108805.321
83	584645.5072	1109489.692
84	584606.2542	1109552.571
85	584584.3112	1109587.722
86	584644.08	1109491.978
87	584654.1817	1109475.796
88	584633.4955	1109508.933
89	584594.6367	1109571.182
90	584579.9348	1109594.733
91	586184.4557	1109827.116
92	586292.1899	1109516.424
93	585630.9995	1109158.697
94	586193.1524	1109819.171
95	583678.0465	1112345.904
96	584680.0624	1111339.584
97	584503.8365	1108711.239
98	584662.6275	1108895.615
99	584662.6275	1108895.615
100	584993.6096	1109407.252
101	585482.8117	1109227.478
102	584343.6152	1108517.666
103	584422.3476	1108613.704
104	584413.4001	1108602.994
105	584413.5194	1108603.137
106	584512.1644	1109693.038
107	583888.3646	1110377.665
108	586337.1711	1110887.184
109	586292.1899	1109516.424
110	586361.8985	1109069.959
111	585949.0728	1109217.704
112	586337.5295	1108916.899
113	586284.2758	1109507.846
114	584675.9028	1109441.001
115	584621.1498	1109528.71
116	584941.2969	1109275.426
117	584980.2767	1109376.167
118	584916.7614	1109217.089
119	584999.6299	1109424.289
120	585019.4797	1109480.462
121	585030.9715	1109512.984
122	585284.6549	1109480.869
123	585157.1232	1109620.514
124	585371.0658	1110425.927
125	584546.3908	1109645.391
126	584790.8385	1109041.995
127	584564.8575	1108782.581
128	584450.51	1108647.412
129	584646.4559	1108877.153
130	584663.5828	1108896.706
131	584774.7417	1109023.617
132	584808.0918	1109061.694
133	584698.5913	1109404.457
134	584616.1945	1109536.648
135	584401.7293	1108589.025
136	584666.5428	1109455.994
137	584584.9772	1109586.655
138	584657.1882	1109470.98
139	584736.5062	1108294.178
140	584391.7816	1108576.516
141	584535.8547	1108748.919
142	584723.9197	1109388.589
143	584723.7502	1108965.397
144	584276.5905	1108438.032
145	584233.6644	1108387.03
146	584509.6236	1109724.179
147	584268.8867	1108396.369
148	583862.5241	1107946.201
149	583174.7965	1107136.6
150	583015.1921	1108444.822
151	586816.0694	1110194.232
152	585743.0555	1110724.013
153	586379.1623	1110691.676
154	586310.2407	1110658.512
155	586211.9273	1110611.078
156	586257.6842	1110633.224
157	586004.7826	1110491.172
158	585918.6708	1110429.801
159	585847.4886	1110378.575
160	586393.4859	1109743.217
161	586392.5471	1109742.429
162	583117.736	1106800.057
163	584188.7176	1110677.658
164	584569.2404	1109611.864
165	584737.3116	1108980.881
166	582444.4202	1113487.152
167	584680.2584	1109434.023
168	582044.8968	1109198.467
169	583026.2167	1106846.042
170	582781.8144	1106927.65
171	582492.3812	1106798.706
172	569983.3392	1118136.06
173	585020.3244	1110997.596
174	584068.2602	1111954.223
175	583701.2223	1112322.931
176	583568.7196	1112455.255
177	579842.2666	1115426.876
178	579790.8333	1115464.775
179	574449.4138	1112773.794
180	579273.9357	1111011.954
181	582353.5858	1106666.247
182	582418.5644	1106715.936
183	582433.0769	1106730.642
184	587548.9429	1106201.138
185	587906.6728	1105708.211
186	588472.4966	1108909.463
187	582103.0701	1104880.467
188	581411.6043	1102957.904
189	581071.3056	1102349.971
190	586036.0853	1109972.842
191	586819.0607	1110026.299
192	583707.7785	1107223.303
193	585613.9995	1108904.005
194	585549.2862	1108408.523
195	586361.8985	1109069.959
196	584731.0456	1108152.651
197	585976.3608	1109261.182
198	584260.4408	1108418.844
199	583071.4751	1105002.573
200	583442.01	1100919.137
201	559101.2967	1134738.8
202	558454.5694	1135312.241
203	558236.5358	1135384.73
204	558020.1735	1135728.344
205	558266.0922	1135377.054
206	558380.8278	1135335.221
207	557873.8215	1136090.777
208	557848.2754	1136116.551
209	584623.5246	1109524.906
210	586148.1906	1109861.058
211	586494.6205	1111242.21
212	586211.3511	1110610.796
213	586461.214	1110631.715
214	586482.3679	1110761.081
215	585643.4631	1109020.346
216	585210.9814	1110049.747
217	584617.3399	1109534.813
218	584607.4081	1109550.723
219	583471.3304	1105208.69
220	581779.0913	1103605.057
221	583376.4829	1100902.461
222	568329.1883	1117565.041
223	568222.2987	1117551.534
224	567888.0597	1117517.086
225	557686.419	1119110.003
226	556559.9004	1137393.583
227	555496.7905	1138578.358
228	555453.4981	1138667.542
229	583867.1935	1107368.762
230	582719.7406	1109518.721
231	586054.8711	1110975.608
232	585815.5753	1110780.428
233	585743.0555	1110724.013
234	585608.9777	1110405.955
235	585918.6708	1110429.801
236	583271.5143	1112755.319
237	584736.8372	1108157.793
238	586306.6792	1108921.503
239	580742.401	1104931.141
240	551919.7466	1139486.425
241	545209.9338	1132845.247
242	544017.9783	1131613.556
243	586942.9249	1110179.178
244	586118.6204	1109889.625
245	586116.3194	1109891.926
246	586936.6782	1107652.297
247	586953.6314	1107665.702
248	585081.5398	1110937.254
249	584464.8791	1111555.456
250	583506.5306	1112518.242
251	583573.6094	1112450.303
252	584470.509	1111549.788
253	584451.9361	1111568.489
254	586337.5295	1108916.899
255	586337.5295	1108916.899
256	586337.5295	1108916.899
257	586337.5295	1108916.899
258	586337.5295	1108916.899
259	580959.5945	1107450.61
260	586032.5795	1106981.064
261	585738.5164	1107388.034
262	585750.7667	1107344.955
263	586534.7779	1107324.744
264	585655.7333	1107693.839
265	585656.0581	1107692.654
266	585770.3744	1107276.002
267	583680.4496	1112343.521
268	583766.6403	1112258.461
269	586994.2709	1110196.674
270	586663.2361	1110130.437
271	586655.2215	1110295.852
272	586655.0942	1110296.108
273	586779.7054	1110208.475
274	586779.8213	1110208.441
275	586794.1424	1110204.326
276	586667.5854	1110147.886
277	586667.5854	1110147.886
278	586663.2472	1110130.481
279	586516.8675	1109865.003
280	586465.3845	1109813.826
281	581073.9341	1113672.192
282	584128.9378	1108262.297
283	584174.5845	1108316.835
284	584160.6645	1108300.296
285	584209.2684	1108358.044
286	584542.6046	1108756.753
287	584632.7796	1109510.08
288	584407.9831	1108596.511
289	584407.9831	1108596.511
290	584570.4912	1108789.12
291	584578.4432	1108798.349
292	584539.5413	1108753.198
293	584572.3381	1108791.263
294	584533.77	1108746.5
295	584514.2758	1108723.735
296	584511.7177	1108720.673
297	584763.4434	1109010.717
298	584693.7935	1109412.207
299	584640.1203	1108869.92
300	586667.5854	1110147.886
301	586292.1899	1109516.424
302	586289.9375	1109512.174
303	555714.4881	1138304.37
304	578799.142	1105138.798
305	584287.0592	1108450.47
306	584271.8169	1108432.36
307	583059.3262	1100961.746
308	583745.6115	1107276.814
309	586059.8531	1110529.434
310	586337.9071	1110885.521
311	586335.4753	1111131.453
312	586227.0214	1108933.214
313	584296.9329	1108462.201
314	584126.4435	1108259.309
315	584414.1645	1109797.883
316	586016.9189	1110499.821
317	585747.8983	1108989.62
318	583227.8342	1112799.268
319	584536.7576	1108749.967
320	584345.095	1108519.424
321	584519.159	1108729.542
322	585942.3381	1109135.093
323	585856.3675	1109136.079
324	584522.6927	1108437.309
325	584666.0431	1109456.795
326	584652.694	1109478.179
327	585651.9318	1112080.894
328	584568.2279	1109640.831
329	585105.7622	1107243.639
330	575819.653	1118701.731
331	584399.6562	1107837.743
332	584168.8775	1108310.054
333	584722.652	1108964.143
334	584742.0604	1108986.302
335	578043.6622	1116554.168
336	578120.1314	1116545.972
337	585135.9253	1110883.974
338	585151.9173	1110869.553
339	584971.6317	1111045.261
340	585026.3383	1110991.709
341	585691.5291	1107562.521
342	586697.6027	1107458.227
343	586541.0434	1107329.925
344	585770.6897	1107274.894
345	585722.4576	1107446.724
346	585691.6729	1107561.987
347	585593.2781	1107999.416
348	586317.2387	1106666.781
349	586332.1769	1106660.184
350	586346.2262	1106653.98
351	586228.1461	1106703.445
352	585950.8724	1106711.471
353	585419.6391	1106641.134
354	585356.1752	1106602.712
355	585243.0322	1106527.964
356	585201.6075	1106499.762
357	584064.5646	1107753.258
358	583653.9131	1107677.074
359	581108.1182	1113703.396
360	584594.5473	1108786.04
361	585747.6719	1110756.483
362	581203.0154	1113898.385
363	581858.1146	1114007.828
364	582644.5545	1109594.887
365	582709.1692	1109529.486
366	584661.0233	1109464.836
367	584922.4381	1111093.416
368	584141.3319	1108277.144
369	583348.7741	1109815.768
370	584081.0179	1107762.65
371	584138.9876	1107733.474
372	584033.3501	1107786.64
373	584048.0108	1107779.262
374	584279.1282	1110768.621
375	584275.4806	1110765.025
376	584326.2431	1110818.619
377	586234.6092	1106700.852
378	586264.1106	1106689.017
379	582612.8877	1109098.729
380	582546.7234	1109032.913
381	586233.7131	1109497.055
382	583617.1082	1110076.274
383	583644.5288	1110102.757
384	583777.5943	1110263.739
385	586511.3716	1110545.945
386	584571.0854	1111058.452
387	585024.268	1109547.361
388	584918.3443	1109220.807
389	585313.3931	1109449.91
390	586393.2508	1106633.213
391	584610.834	1108048.901
392	584941.7515	1108316.009
393	584943.755	1108317.732
394	584927.3379	1108325.933
395	584990.7123	1108359.571
396	585072.9978	1108454.379
397	584772.533	1108287.278
398	582432.7225	1108905.233
399	585841.8735	1108979.583
400	586273.6031	1108926.438
401	585977.3073	1109241.678
402	585009.6122	1111008.082
403	584975.6724	1111041.305
404	585061.8805	1110956.775
405	585534.682	1110565.557
406	585566.3086	1110592.733
407	585782.8965	1109004.788
408	583754.6333	1107284.852
409	584062.1185	1108182.875
410	584095.7667	1108222.774
411	584100.0354	1108227.836
412	584119.5851	1108251.093
413	582080.1421	1108551.77
414	586378.0033	1111158.175
415	586351.8356	1111141.91
416	585307.2454	1108657.041
417	585175.8173	1109956.851
418	584659.9139	1108869.733
419	584859.8917	1109151.45
420	585531.3645	1108828.566
421	585512.6867	1108811.514
422	585400.5058	1108713.263
423	585064.573	1109608.069
424	586135.4053	1109405.084
425	585600.302	1108891.501
426	584924.0588	1109234.228
427	583497.7922	1107514.621
428	579541.6249	1115656.235
429	583129.9722	1112897.052
430	580361.0922	1115061.409
431	578373.9698	1105125.12
432	578363.2285	1105082.108
433	578362.4946	1105080.804
434	578359.2934	1105075.117
435	584541.6478	1111028.011
436	584538.1528	1111024.397
437	584523.9853	1111009.747
438	584847.9157	1109107.163
439	577729.4113	1116587.862
440	583033.8088	1109503.087
441	587186.5928	1107860.358
442	586973.3046	1107681.258
443	586971.831	1107680.093
444	586971.938	1107680.178
445	585009.6935	1111474.868
446	583566.7885	1112457.211
447	584074.2702	1111947.836
448	584787.8666	1108262.573
449	584842.0842	1108230.175
450	582363.3006	1113025.475
451	584843.1135	1111301.588
452	584833.6397	1111292.061
453	584801.1708	1111278.759
454	584906.7348	1111108.788
455	584991.3372	1111471.42
456	584952.161	1111437.421
457	584742.3948	1111221.955
458	584882.0937	1111360.102
459	584965.7179	1111408.593
460	584856.8235	1111315.376
461	584850.0865	1111308.601
462	583126.8602	1107084.284
463	578794.6967	1108125.296
464	578065.8255	1116551.793
465	580737.6558	1107256.357
466	584130.8819	1108264.626
467	578155.9824	1114181.419
468	580907.4111	1107423.121
469	583501.719	1112523.115
470	583502.0092	1112522.821
471	585001.5385	1111015.986
472	579665.32	1115540.607
473	579660.0734	1115544.646
474	560389.6412	1131402.128
475	569090.8233	1117755.942
476	569907.6049	1118125.884
477	568068.8631	1117534.47
478	567901.7205	1117518.063
479	572323.9039	1117488.415
480	548725.2703	1118995.387
481	547525.9481	1115353.935
482	547218.1705	1115747.894
483	546998.5802	1116109.678
484	552770.9229	1125905.492
485	552650.4341	1125774.864
486	563506.8986	1129573.6
487	560346.2379	1126001.654
488	560342.7247	1125914.245
489	554524.1136	1114246.15
490	556569.9933	1128702.385
491	555902.3067	1128389.825
492	555759.9487	1128346.909
493	563406.5829	1129570.89
494	562009.0511	1113040.484
495	551869.0683	1114908.819
496	554064.2757	1114377.54
497	574059.6882	1117031.919
498	568229.595	1117552.706
499	570005.5254	1118136.213
500	575285.9927	1116692.53
501	572500.3092	1117439.901
502	569965.1626	1118135.935
503	564872.2035	1115270.024
504	546837.8341	1115953.118
505	561251.3417	1112697.638
506	558346.6133	1134987.738
507	557785.3106	1136180.068
508	563338.2116	1121571.92
509	561251.3417	1112697.638
510	561385.181	1112787.012
511	582242.5528	1106054.261
512	558188.1306	1106223.353
513	558656.0833	1105967.157
514	558749.0179	1105916.858
515	552337.5747	1107050.2
516	552090.4393	1107599.367
517	554192.9609	1107135.266
518	559141.6226	1113148.172
519	583656.3107	1112367.449
520	569458.3274	1117928.79
521	568188.4221	1117546.906
522	563949.8263	1114479.916
523	564216.4779	1114711.748
524	570652.8019	1109495.594
525	562545.1104	1113306.416
526	562382.7165	1104337.719
527	557623.2198	1106526.396
528	556713.2997	1136804.078
529	582239.1256	1106075.383
530	586036.3521	1109116.119
531	579298.4345	1106077.331
532	564638.0891	1124490.396
533	564366.44	1124308.306
534	575666.522	1116584.805
535	571273.3668	1113859.988
536	563083.7711	1122287.791
537	564266.5332	1124148.799
538	564187.9077	1124023.269
539	571189.7849	1113392.224
540	572273.7331	1117502.452
541	568999.3304	1117713.489
542	567879.9081	1117516.846
543	573497.1135	1113255.994
544	570958.4748	1111516.536
545	582044.1714	1104585.531
546	582230.4904	1106128.603
547	585749.5639	1107349.184
548	578836.9137	1105161.566
549	578546.1439	1104945.536
550	586887.7528	1105616.064
551	574112.2449	1109599.45
552	575509.7567	1108565.578
553	579512.2064	1109155.824
554	579520.8073	1109135.168
555	575765.9431	1108604.275
556	574680.871	1112660.375
557	578489.5093	1104912.216
558	584525.6602	1111011.479
559	580962.3356	1107453.021
560	579032.0408	1105930.132
561	585677.3786	1112087.821
562	585420.6372	1111873.652
563	574419.2071	1112788.987
564	585264.3681	1110753.028
565	585342.9438	1110377.031
566	582289.6421	1113628.212
567	583086.5358	1112943.126
568	583315.5472	1112711.016
569	579400.7894	1110949.737
570	584090.1404	1111930.97
571	586337.8381	1110885.677
572	577361.5531	1104455.32
573	586110.7309	1109380.192
574	586152.9842	1109421.951
575	586084.6738	1109356.444
576	585791.7761	1109091.929
577	585623.8752	1109166.326
578	585561.4321	1109234.066
579	586323.7806	1108934.932
580	586215.7578	1108934.826
581	584737.8021	1109341.117
582	578804.8385	1116252.764
583	570524.5142	1110755.132
584	572313.2033	1105719.031
585	579723.5421	1115495.786
586	579565.1377	1115617.73
587	580219.5846	1115141.869
588	580365.7721	1115058.252
589	546811.088	1116051.147
590	560308.6563	1125100.758
591	553409.6177	1140125.85
592	552510.6283	1139953.673
593	553220.1024	1140205.509
594	588271.6739	1106876.445
595	533667.0753	1120827.37
596	535090.3753	1122346.075
597	534516.1732	1121736.775
598	534522.5517	1121743.752
599	535294.5532	1122562.388
600	537558.8979	1124936.871
601	536902.6324	1124253.722
602	536718.9461	1124065.063
603	537905.4269	1125298.837
604	539661.2064	1127114.316
605	539279.2065	1126720.646
606	534637.4288	1121868.737
607	534990.1002	1122239.265
608	534099.8762	1121288.047
609	585882.7364	1112285.165
610	577383.2318	1104160.133
611	586226.4908	1109469.179
612	586289.4733	1109511.298
613	586289.4733	1109511.298
614	586292.1899	1109516.424
615	584238.3445	1111784.243
616	586292.1899	1109516.424
617	586289.4733	1109511.298
618	586292.1899	1109516.424
619	583704.9218	1112319.263
620	586294.5317	1109719.257
621	586289.4733	1109511.298
622	584229.1898	1111793.296
623	581647.2057	1114158.937
624	585701.4991	1110313.13
625	581819.2515	1114036.81
626	586391.1107	1109741.224
627	585137.8894	1110882.203
628	580374.2944	1115052.503
629	586292.5299	1109520.892
630	584986.961	1111030.255
631	581332.9443	1114384.643
632	586289.4733	1109511.298
633	579593.8394	1108855.611
634	586155.3175	1109403.701
635	586298.6615	1109084.661
636	586158.6232	1109406.913
637	579596.8424	1108864.321
638	586220.2486	1108934.183
639	586177.0387	1108955.402
640	586236.2355	1109081.957
641	586332.9399	1109076.692
642	586175.7618	1108939.508
643	586237.7385	1109081.641
644	586227.737	1109099.957
645	586158.1313	1109406.435
646	586239.4187	1109097.444
647	586220.8089	1108934.103
648	586361.8985	1109069.959
649	586239.6381	1109081.242
650	585819.361	1109120.064
651	585814.3841	1110195.378
652	585824.2021	1110362.505
653	585814.0579	1110195.7
654	585845.7027	1110377.342
655	586014.873	1109994.236
656	586056.5551	1109952.202
657	585850.9016	1110380.93
658	586209.2217	1109454.009
659	586215.9066	1109459.882
660	585994.5573	1110014.727
661	586167.6634	1110589.402
662	585984.9248	1110477.02
663	586287.6143	1109509.568
664	586154.9919	1110583.197
665	586255.1137	1109491.642
666	586255.4633	1110632.155
667	585961.0687	1110460.293
668	586389.4931	1110696.646
669	585959.2579	1110459.038
670	586263.3828	1108927.963
671	586156.8883	1108941.607
672	586181.1503	1108938.909
673	586102.0545	1108947.705
674	586238.1514	1108931.62
675	586206.9038	1108936.045
676	586205.7336	1108936.175
677	586289.5131	1109070.755
678	586249.4632	1109079.176
679	586184.3575	1108954.409
680	586257.6145	1109077.462
681	586106.0885	1108947.256
682	586213.9736	1108935.081
683	586105.5136	1109374.928
684	586046.923	1109323.342
685	586223.3979	1109466.462
686	586055.5444	1109309.856
687	586053.229	1109307.726
688	586054.2072	1109308.626
689	586017.378	1109297.426
690	586053.2585	1109307.753
691	586042.5646	1109319.52
692	586141.2506	1109390.031
693	586020.4523	1109300.131
694	586205.7944	1109471.467
695	586054.8868	1109309.251
696	586190.9674	1109457.878
697	586215.8943	1109480.724
698	585481.3138	1109246.028
699	584810.0067	1109224.48
700	552918.4672	1140257.569
701	582257.5969	1105961.544
702	585538.3834	1109248.342
703	584564.5209	1108782.19
704	584415.5906	1108605.616
705	583650.9667	1110108.975
706	584862.1051	1109123.364
707	584474.5615	1108639.05
708	585085.7982	1108695.499
709	585070.3813	1108745.323
710	585005.4704	1108902.422
711	585007.6104	1108898.213
712	584974.0454	1108964.228
713	585044.3304	1108817.062
714	585093.552	1108672.2
715	585055.4894	1108786.805
716	585101.446	1108650.087
717	584509.3253	1108680.342
718	584559.7123	1108741.829
719	584779.2287	1109011.08
720	584954.7675	1109001.245
721	584964.1552	1108983.68
722	584911.5336	1109092.466
723	584910.3817	1109094.278
724	584924.3792	1109068.422
725	585123.6864	1108587.739
726	584400.72	1108511.547
727	584896.0803	1109088.419
728	584579.3057	1108402.919
729	584677.0022	1108344.205
730	584754.0007	1108298.321
731	584742.4841	1108305.184
732	584498.9148	1108451.753
733	584585.0039	1108399.457
734	584538.2951	1108427.831
735	584471.2567	1108453.233
736	584571.1364	1108394.306
737	586337.9084	1110885.518
738	585357.3042	1108703.174
739	585343.546	1108691.842
740	585043.3427	1108822.29
741	585581.5111	1109089.04
742	585537.2358	1108860.654
743	585520.4625	1108845.461
744	584976.5819	1108959.239
745	584974.7042	1108962.932
746	585441.8453	1109309.171
747	584942.6836	1109279.16
748	585063.2041	1108765.887
749	585117.5829	1108604.847
750	584650.5488	1108857.889
751	585133.6139	1108558.319
752	585274.8986	1108622.089
753	586256.8094	1109093.702
754	586137.0258	1109385.925
755	586032.3235	1109310.541
756	585869.379	1109166.596
757	585571.8264	1108891.989
758	585504.344	1108830.862
759	585455.6417	1108787.261
760	586315.1876	1109080.819
761	585986.8038	1109145.525
762	586099.2666	1109122.018
763	586268.6755	1109075.137
764	585900.1551	1108990.129
765	585988.5388	1109251.215
766	585481.4311	1108782.98
767	585288.4725	1108615.591
768	586292.1899	1109516.424
769	586112.0569	1109381.529
770	586115.424	1109118.798
771	586297.4047	1109084.954
772	586303.1084	1109083.628
773	586288.8129	1109086.815
774	584934.9175	1109299.845
775	584956.5579	1109316.513
776	584974.8969	1109410.061
777	585044.2087	1109550.444
778	585020.1008	1109482.22
779	585041.9465	1109596.525
780	585035.3553	1109578.195
781	585025.1827	1109549.905
782	585497.8071	1109178.383
783	585422.8735	1109329.988
784	585524.6989	1109148.887
785	585510.1101	1109164.889
786	585141.741	1109636.547
787	584979.6158	1109423.185
788	585286.4335	1110235.236
789	585267.9862	1110186.682
790	585434.8469	1109316.85
791	585357.4376	1109401.788
792	585246.0127	1109523.182
793	585354.2043	1109405.336
794	585278.68	1109487.412
795	585314.0245	1109449.234
796	585412.9399	1109340.888
797	585422.8883	1110476.076
798	585321.9308	1110368.311
799	585315.0925	1110347.525
800	585025.1425	1109549.793
801	585010.917	1109510.232
802	585299.9841	1110301.6
803	585150.0273	1109894.432
804	585288.5804	1110266.936
805	585524.6903	1109250.362
806	584913.3494	1109089.61
807	584408.6177	1108561.346
808	584737.5191	1108293.555
809	584319.3755	1107767.197
810	584495.286	1108663.5
811	585083.1099	1108442.694
812	584183.4272	1108295.09
813	584514.9948	1109689.098
814	584607.5316	1108832.11
815	584570.1966	1108754.799
816	584863.5573	1109162.35
817	584824.7322	1109080.693
818	584824.8336	1109226.324
819	584805.2392	1109258.694
820	584761.9795	1109302.062
821	584771.5563	1109286.592
822	584743.9785	1109331.14
823	584736.424	1109343.343
824	584740.2273	1109362.785
825	584704.5497	1109394.832
826	584296.9624	1108462.236
827	584290.7418	1108454.845
828	584675.4956	1108888.726
829	584578.1282	1108764.975
830	584342.0636	1108515.822
831	584804.0491	1109040.304
832	584352.4885	1108495.523
833	584539.8061	1108717.463
834	584704.6134	1108923.225
835	584744.7527	1108970.486
836	584631.4458	1109512.217
837	584632.8383	1109536.256
838	584672.8032	1109471.872
839	584617.6362	1109560.747
840	584597.2397	1109567.012
841	584192.3718	1109960.18
842	584106.801	1110056.315
843	584066.693	1110077.814
844	584042.467	1110130.302
845	584029.3984	1110120.259
846	584017.7864	1110133.474
847	584129.0112	1108230.659
848	584213.4497	1108330.64
849	584209.1037	1108325.494
850	583943.459	1110218.424
851	583912.0684	1110254.41
852	583926.1602	1110259.502
853	583914.8877	1110272.079
854	583904.1761	1110263.458
855	584029.7373	1108116.946
856	584005.3227	1108115.528
857	584084.6152	1108209.551
858	584055.1704	1108174.636
859	583970.641	1108074.403
860	584902.8387	1109077.895
861	584908.0829	1109069.728
862	584922.3286	1109047.544
863	584946.154	1109015.748
864	583931.9332	1108002.066
865	583923.0705	1107991.372
866	583845.3472	1107925.834
867	583752.7912	1107793.64
868	583912.4584	1107978.568
869	583921.782	1108016.467
870	583848.2873	1107861.649
871	583959.9895	1108035.379
872	583699.4592	1107752.876
873	583821.7385	1107897.839
874	583660.5707	1107707.132
875	582440.3981	1108854.233
876	582558.5105	1108767.835
877	582656.6988	1108673.567
878	582860.069	1108550.226
879	583436.9781	1107444.711
880	583591.4273	1107625.801
881	583622.8417	1107662.753
882	583572.1842	1107603.166
883	583500.4944	1107517.727
884	583642.1387	1107685.451
885	582953.4154	1108486.696
886	583022.8173	1108420.531
887	583053.7109	1108399.219
888	583254.812	1107230.984
889	583232.6299	1107204.698
890	583296.9829	1107260.412
891	583099.8543	1107044.403
892	583263.7041	1107241.521
893	583157.48	1108327.04
894	583194.7542	1108322.084
895	582909.7213	1106973.143
896	583267.1024	1108271.156
897	583319.129	1108234.534
898	583549.709	1108074.719
899	583555.008	1108055.134
900	583734.5444	1107948.499
901	583798.4586	1107847.81
902	584302.3557	1107774.092
903	584257.3931	1107671.669
904	584377.0767	1107839.039
905	584559.5212	1107980.144
906	584030.8219	1107787.92
907	585091.0316	1108470.282
908	584996.7127	1108387.109
909	585027.6664	1108392.848
910	584793.266	1108184.033
911	584803.7191	1108194.253
912	584771.2419	1108164.926
913	584732.0884	1108130.963
914	584681.9724	1108087.492
915	584528.6946	1107974.013
916	584405.5032	1107863.388
917	584362.5684	1107805.152
918	586680.6627	1110026.39
919	585525.5432	1110557.704
920	585535.633	1110566.374
921	585673.4096	1110684.766
922	585565.6823	1110592.195
923	586562.6369	1110458.281
924	586854.3461	1110070.841
925	586862.4786	1110118.235
926	586619.823	1110359.629
927	586584.5172	1110420.71
928	586428.6171	1110687.455
929	586377.5172	1110796.284
930	586338.9846	1110883.086
931	586312.0703	1110939.993
932	586290.5965	1110984.777
933	585797.5148	1110797.72
934	586274.764	1111017.797
935	586276.6172	1111013.932
936	585950.9688	1110883.548
937	585958.8917	1110888.954
938	586140.2461	1111005.222
939	586116.8798	1110990.559
940	586383.7135	1110693.865
941	586162.8765	1111042.772
942	586158.2393	1111039.888
943	586304.3963	1110655.7
944	586176.2621	1110593.613
945	586321.684	1110664.019
946	586211.0038	1110610.626
947	586137.1212	1110574.445
948	586106.3737	1110557.974
949	585656.8512	1110358.235
950	585830.2648	1110366.689
951	585645.0566	1110370.247
952	585786.9457	1110225.906
953	585653.0763	1110362.079
954	585756.4141	1110257.255
955	585748.7462	1110265.128
956	585976.5626	1110032.876
957	585983.6348	1110025.743
958	585921.941	1110087.969
959	585973.6179	1110035.846
960	585940.9611	1110068.785
961	585984.9094	1110024.458
962	586012.8297	1109996.297
963	586032.9144	1109976.04
964	586036.1758	1109972.751
965	586051.1346	1109957.668
966	586056.0075	1109952.754
967	586139.1354	1110575.432
968	586168.9828	1110590.048
969	586124.0601	1110567.855
970	586147.0524	1110579.309
971	586154.9611	1110583.182
972	586146.9138	1110579.241
973	585898.4548	1110414.781
974	586046.5653	1110520.442
975	586051.0375	1110523.469
976	585943.4368	1110448.068
977	585751.2694	1110726.185
978	585746.4681	1110724.915
979	585940.1106	1110445.762
980	585751.2694	1110726.185
981	585931.2929	1110439.245
982	585751.2694	1110726.185
983	585625.6477	1110390.014
984	585637.4378	1110378.006
985	585636.4385	1110379.024
986	585866.5653	1110391.789
987	585853.2062	1110382.521
988	585851.2785	1110381.19
989	585676.4383	1110687.369
990	585891.2404	1110409.58
991	585862.5467	1110388.966
992	586127.2222	1109881.316
993	586117.0132	1109891.226
994	586169.9687	1109840.35
995	586282.5657	1109732.397
996	584594.1932	1108033.943
997	584600.1937	1108039.433
998	584451.0746	1107903.516
999	584341.0463	1107807.881
1000	585017.0699	1108405.06
1001	583881.3284	1107941.008
1002	584103.4036	1108201.164
1003	584160.8864	1108300.56
1004	584106.311	1108235.277
1005	584087.3834	1108212.833
1006	583452.1516	1108142.13
1007	584095.083	1108221.963
1008	584085.448	1108210.538
1009	584895.3055	1109089.626
1010	583952.851	1107809.245
1011	583007.6932	1106852.907
1012	583126.293	1106797.385
1013	583850.0713	1107353.504
1014	584328.1359	1110791.886
1015	585914.8811	1110095.09
1016	584941.6962	1109023.254
1017	585071.082	1110947.638
1018	582357.6543	1108848.911
1019	581879.0858	1113992.128
1020	584449.66	1111570.781
1021	585183.0924	1110837.882
1022	584494.3045	1110956.559
1023	584940.3517	1111075.88
1024	585007.1503	1111010.492
1025	583729.6153	1112295.003
1026	579506.588	1108777.554
1027	583263.3431	1109745.394
1028	583424.3671	1109889.983
1029	583625.8747	1107644.143
1030	587916.2377	1105697.796
1031	587974.1225	1105634.766
1032	586208.2468	1109103.196
1033	586115.0025	1109893.254
1034	586690.528	1110905.697
1035	585811.3682	1110199.261
1036	583610.3878	1107137.285
1037	582762.0431	1106920
1038	583063.2683	1106818.814
1039	585180.1619	1108528.261
1040	585516.7707	1108573.636
1041	585942.9701	1109231.677
1042	585184.9814	1109947.891
1043	585169.7702	1109606.666
1044	585165.2882	1109931.368
1045	585111.6457	1108621.493
1046	584525.0945	1111010.894
1047	582281.0798	1105851.733
1048	581041.2756	1102321.496
1049	582363.3006	1113025.475
1050	587029.4711	1107726.685
1051	582979.4644	1109469.182
1052	584181.0305	1107646.604
1053	583144.1052	1100918.551
1054	567865.457	1117516.712
1055	556887.7911	1134901.084
1056	556860.7956	1137099.999
1057	585210.9814	1110049.747
1058	584542.1974	1108720.39
1059	584560.6689	1107514.086
1060	586663.5246	1110919.553
1061	586663.5246	1110919.553
1062	586610.723	1110375.377
1063	585192.7805	1109581.47
1064	585485.7043	1109191.658
1065	585485.7043	1109191.658
1066	585569.7532	1109101.269
1067	585579.1043	1109091.543
1068	585567.2872	1109103.834
1069	585588.707	1109081.556
1070	585585.8593	1109084.518
1071	585582.9644	1109087.528
1072	585589.974	1109080.238
1073	585455.2892	1108786.896
1074	585528.4826	1108852.726
1075	585417.9849	1108753.623
1076	585405.3482	1108742.9
1077	585855.1231	1109153.713
1078	585865.0815	1109162.781
1079	585034.4121	1108844.903
1080	584994.807	1108923.394
1081	586316.4639	1111118.58
1082	584795.0427	1109275.54
1083	585470.9945	1108800.769
1084	586190.949	1108937.819
1085	586178.0593	1108939.252
1086	585551.9565	1109119.778
1087	585558.6085	1108880.013
1088	581496.9958	1107987.255
1089	585993.9029	1109276.683
1090	584806.8581	1109060.286
1091	585381.3525	1108722.982
1092	585485.7043	1109191.658
1093	586236.63	1108931.838
1094	586289.4733	1109511.298
1095	585829.4173	1109109.168
1096	583302.9235	1107267.421
1097	584547.4303	1108726.796
1098	584556.7269	1108738.175
1099	584596.6317	1108788.714
1100	584843.9072	1109102.587
1101	569653.4362	1118021.63
1102	568285.0534	1117561.057
1103	568095.8929	1117537.421
1104	568148.8852	1117542.956
1105	567899.968	1117517.937
1106	568127.248	1117540.794
1107	568262.8324	1117558.049
1108	568207.1774	1117549.103
1109	557686.419	1119110.003
1110	562026.9474	1122794.336
1111	567978.1425	1117524.545
1112	567962.5915	1117522.843
1113	568300.6785	1117562.467
1114	568017.6947	1117528.872
1115	562284.1197	1122545.124
1116	562030.01	1122791.458
1117	562468.3083	1122375.069
1118	562016.8595	1122803.816
1119	557686.419	1119110.003
1120	561251.3417	1112697.638
1121	559971.1409	1112944.33
1122	561745.0238	1112936.636
1123	559520.5865	1113045.497
1124	559518.4467	1113046.19
1125	560354.9837	1126213.731
1126	559327.1332	1134471.467
1127	559400.2483	1134384.921
1128	558839.6056	1135048.575
1129	558266.0922	1135377.054
1130	558238.4629	1135384.079
1131	558190.4277	1135405.115
1132	558201.3689	1135398.371
1133	556346.541	1137609.49
1134	555410.0321	1138759.098
1135	543593.5347	1131177.403
1136	584188.4847	1108301.079
1137	586287.6143	1109509.568
1138	585878.0608	1109174.303
1139	583469.7288	1108129.98
1140	586287.6143	1109509.568
1141	586289.4733	1109511.298
1142	586089.6161	1109360.778
1143	567716.3422	1117544.907
1144	586339.7712	1108932.683
1145	585134.9611	1109806.76
1146	584617.112	1108054.183
1147	586035.2081	1108955.571
1148	586340.5341	1109074.926
1149	586304.0342	1109083.412
1150	586193.2293	1108937.565
1151	577334.0925	1107328.623
1152	586347.4308	1109073.323
1153	586358.6022	1109070.725
1154	586360.4575	1109070.294
1155	585079.8383	1108460.411
1156	584607.1987	1108045.842
1157	586337.5295	1108916.899
1158	586318.7213	1108919.706
1159	586293.4681	1108923.474
1160	586338.6762	1108932.837
1161	586214.3554	1108950.316
1162	586215.5303	1108950.151
1163	586224.8577	1109100.436
1164	586274.2473	1109089.95
1165	586350.2093	1109072.677
1166	584470.4327	1108469.062
1167	584948.1819	1109012.334
1168	571220.2216	1107209.546
1169	581080.573	1105033.958
1170	586753.3147	1110008.736
1171	586819.0607	1110026.299
1172	583123.0436	1108351.389
1173	586360.058	1109055.923
1174	586289.4733	1109511.298
1175	586342.6114	1109074.443
1176	586352.5119	1109072.141
1177	585739.5612	1107384.36
1178	586349.9013	1109072.748
1179	552854.5443	1140223.218
1180	552734.7245	1140131.058
1181	552199.7456	1139706.599
1182	551844.7591	1139427.994
1183	550653.0508	1138478.96
1184	548588.7429	1136344.198
1185	548404.7308	1136154.378
1186	545210.0688	1132845.388
1187	544759.5055	1132378.579
1188	544019.6615	1131615.286
1189	542882.4294	1130441.176
1190	542611.0502	1130162.715
1191	541159.0608	1128665.534
1192	540894.6786	1128391.198
1193	540122.1631	1127592.495
1194	538163.5419	1125568.83
1195	584958.3817	1109321.423
1196	585866.1834	1109163.759
1197	585503.7189	1109258.396
1198	554898.2244	1136943.034
1199	586285.9601	1108924.594
1200	586299.0669	1109084.567
1201	568145.4852	1117542.616
1202	580850.661	1107855.015
1203	585328.2782	1110382.422
1204	587690.741	1108270.105
1205	586361.8985	1109069.959
1206	585247.771	1108580.107
1207	584554.8693	1108735.902
1208	581993.3457	1106393.932
1209	581177.2798	1105099.388
1210	573211.7245	1104976.151
1211	586143.3177	1108943.116
1212	586994.2709	1110196.674
1213	586994.2709	1110196.674
1214	586152.5877	1108958.716
1215	584544.6998	1105993.499
1216	586043.8123	1110518.579
1217	585852.6111	1110382.11
1218	586139.2337	1110575.48
1219	586309.5256	1109066.548
1220	583479.5502	1100921.134
1221	586361.8985	1109069.959
1222	534712.5106	1121948.92
1223	582275.7715	1105737.664
1224	580635.1139	1114873.455
1225	559674.784	1134050.693
1226	576457.362	1104477.121
1227	587089.9788	1107762.682
1228	586250.2848	1108929.883
1229	584895.9235	1109115.943
1230	586006.9546	1109121.272
1231	586006.7713	1109288.053
1232	584672.8806	1108079.605
1233	585551.0912	1110462.088
1234	584565.1958	1108782.974
1235	586418.0749	1111185.222
1236	586268.2802	1108927.232
1237	584489.3385	1107916.78
1238	584432.851	1110894.724
1239	586053.8518	1110525.373
1240	582962.8	1106973.87
1241	581057.821	1107539.115
1242	585873.9604	1112277.449
1243	585841.2078	1108979.654
1244	582953.6486	1110919.319
1245	586292.1899	1109516.424
1246	586339.7712	1108932.683
1247	582363.3006	1113025.475
1248	586533.0971	1110508.795
1249	585538.3834	1109248.342
1250	585310.4568	1110333.434
1251	583940.83	1112082.197
1252	584378.1002	1109849.688
1253	584130.986	1108264.75
1254	586727.632	1110015.267
1255	558347.9752	1135348.593
1256	558336.1823	1135353.393
1257	558066.2833	1135548.095
1258	586031.3868	1106980.643
1259	582943.7366	1104936.618
1260	585622.5915	1107818.964
1261	585619.3776	1107834.271
1262	586483.2701	1109831.605
1263	585669.2382	1107644.569
1264	585665.3608	1107658.715
1265	534588.1052	1121815.451
1266	585981.1417	1110474.324
1267	585538.3834	1109248.342
1268	585324.4848	1109437.939
1269	585385.5826	1109370.906
1270	586126.9478	1110569.463
1271	586137.9277	1110574.84
1272	586127.0802	1110569.528
1273	586089.4045	1110548.494
1274	584240.191	1108394.784
1275	584674.0865	1109443.91
1276	583783.5682	1107851.811
1277	586096.2649	1110552.327
1278	586682.6498	1110240.629
1279	586051.5227	1110523.797
1280	588596.3166	1109011.558
1281	584653.1488	1108358.302
1282	584665.7991	1108337.688
1283	583333.3279	1112693.126
1284	583442.9337	1109925.69
1285	555947.6435	1128404.878
1286	586297.1152	1108938.681
1287	584991.9953	1108928.924
1288	585485.681	1109191.947
1289	586287.6143	1109509.568
1290	585198.3379	1109575.385
1291	585561.4321	1109234.066
1292	585424.8174	1109327.855
1293	585257.5916	1109510.503
1294	585485.2275	1109197.562
1295	585196.442	1109577.461
1296	585251.9718	1110166.433
1297	583155.7416	1107114.521
1298	584592.9969	1109573.808
1299	584630.6828	1108371.709
1300	573639.3739	1105087.778
1301	586189.498	1109456.531
1302	585561.4321	1109234.066
1303	586317.8625	1108919.834
1304	585541.5628	1109246.372
1305	575070.7859	1104766.771
1306	586302.5447	1107139.621
1307	586307.3915	1109082.632
1308	586401.7167	1109750.543
1309	545494.0764	1123051.363
1310	545493.7708	1123052.895
1311	574492.5064	1105324.282
1312	586196.6596	1108937.184
1313	586020.9811	1109118.669
1314	574482.8473	1105328.407
1315	581143.6311	1105072.934
1316	583360.7463	1109827.522
1317	586982.1968	1106383.445
1318	583661.0751	1110144.165
1319	586339.7712	1108932.683
1320	586360.058	1109055.923
1321	582363.3006	1113025.475
1322	585448.9708	1110475.544
1323	583044.8806	1100967.961
1324	581009.5808	1114614.534
1325	586108.594	1109104.132
1326	582190.2263	1105303.175
1327	586671.3908	1110915.517
1328	586185.9525	1108938.375
1329	584977.9487	1108956.551
1330	585637.2106	1107762.023
1331	585201.4687	1109571.957
1332	583919.3342	1110267.118
1333	585629.6794	1109160.11
1334	584475.8049	1107904.659
1335	586038.6786	1110515.105
1336	586245.7769	1108930.529
1337	580798.1444	1104935.433
1338	581007.6112	1114615.921
1339	577672.6655	1104150.364
1340	585814.0579	1110195.7
1341	584320.2413	1107789.712
1342	583921.1444	1112101.478
1343	585837.5569	1109117.296
1344	582191.4175	1106519.534
1345	584354.2861	1110816.701
1346	585831.2316	1109110.98
1347	586328.558	1109077.711
1348	543790.8848	1130125.869
1349	587329.805	1105994.625
1350	587658.856	1105970.702
1351	586095.2929	1109346.416
1352	586734.0111	1106531.1
1353	585073.5654	1109684.444
1354	586718.1112	1106494.812
1355	585974.6698	1110034.785
1356	586429.0398	1111192.623
1357	585877.3837	1110132.933
1358	586230.9941	1109099.257
1359	586031.746	1110510.388
1360	583153.7334	1108329.735
1361	588163.2283	1105434.958
1362	543798.8836	1130092.543
1363	582026.0771	1113888.526
1364	584240.8259	1107696.67
1365	585772.5979	1107268.184
1366	585452.3945	1109297.596
1367	584425.3209	1111595.29
1368	586226.9037	1108933.23
1369	582281.0798	1105851.733
1370	585421.9409	1108756.979
1371	582092.4475	1108564.271
1372	582084.7203	1108556.421
1373	582113.2257	1108598.618
1374	582085.2863	1108556.996
1375	583189.0228	1108305.307
1376	583191.5429	1109675.533
1377	583372.4331	1109838.996
1378	583201.549	1109671.229
1379	582919.3426	1109410.684
1380	582968.9421	1109458.944
1381	582975.7512	1109465.569
1382	583333.7433	1109815.954
1383	584187.8234	1110676.747
1384	584060.1511	1110527.921
1385	584125.4799	1110010.91
1386	583998.4094	1110155.527
1387	583949.1169	1110211.937
1388	583596.9756	1110513.073
1389	584001.8746	1110172.347
1390	582947.3217	1106983.099
1391	584558.4072	1109656.399
1392	584572.1103	1109607.267
1393	584508.5714	1109698.058
1394	585034.4121	1108844.903
1395	585049.5834	1108802.819
1396	585084.6014	1108698.797
1397	584611.9395	1108049.831
1398	583441.181	1108134.244
1399	583537.2955	1108083.288
1400	585111.5729	1109670.25
1401	585719.1324	1109064.319
1402	583910.495	1110276.98
1403	585822.0374	1110187.828
1404	586210.189	1110610.227
1405	586119.5626	1110565.343
1406	586019.8198	1110501.889
1407	586051.0136	1110523.452
1408	585942.017	1110447.083
1409	584791.1352	1111222.855
1410	583929.5217	1112093.273
1411	584500.2154	1111519.884
1412	586877.057	1110162.109
1413	586787.7192	1110011.882
1414	586480.2887	1110599.097
1415	586690.528	1110905.697
1416	585731.8148	1110282.513
1417	585754.4728	1110259.248
1418	586057.0054	1109951.748
1419	586168.5098	1109841.683
1420	585173.4478	1111639.744
1421	585160.3838	1111626.758
1422	585269.268	1111737.435
1423	585328.2545	1111788.908
1424	585455.692	1111889.716
1425	585625.1024	1112056.869
1426	585155.2703	1109622.543
1427	585150.0526	1109627.776
1428	584459.0865	1110946.851
1429	584558.4311	1111045.366
1430	584899.9299	1111115.451
1431	584861.9419	1111320.523
1432	584804.0481	1111262.303
1433	584677.9665	1111159.666
1434	586857.5586	1110077.046
1435	586624.9963	1110350.673
1436	583202.5333	1109672.196
1437	583281.1414	1109763.089
1438	583888.6973	1110377.995
1439	584029.8677	1110518.077
1440	584060.1511	1110527.921
1441	583892.1595	1107858.23
1442	583179.5163	1108332.81
1443	584025.6075	1108139.581
1444	583253.3799	1109722.114
1445	583164.3592	1109634.718
1446	583117.851	1109588.723
1447	583055.6031	1109525.15
1448	583063.901	1109533.551
1449	584489.1094	1108693.612
1450	584492.967	1108698.229
1451	584484.8325	1108688.493
1452	583214.7771	1109684.216
1453	583164.3592	1109634.718
1454	583059.2413	1109528.833
1455	582952.8705	1109426.311
1456	582852.1674	1109381.877
1457	581878.8909	1109343.873
1458	581709.6166	1109490.866
1459	581589.3364	1109594.108
1460	582300.2568	1108973.103
1461	582059.9412	1109185.542
1462	582233.8838	1109043.56
1463	582592.1536	1108740.134
1464	582626.7031	1108714.302
1465	582721.728	1108645.763
1466	582956.1659	1108466.511
1467	582759.521	1109245.376
1468	571374.8651	1117752.242
1469	579420.6319	1115755.713
1470	579799.4683	1115458.171
1471	579688.042	1115543.388
1472	585552.9616	1109118.733
1473	584482.4874	1108648.389
1474	584444.6587	1108484.769
1475	584577.6753	1108403.909
1476	584658.3476	1108355.248
1477	584752.8593	1108284.115
1478	584563.1151	1108399.039
1479	584501.0447	1108435.659
1480	584491.5402	1108441.267
1481	584187.4101	1108332.073
1482	584629.3133	1108857.582
1483	584626.462	1108854.327
1484	584513.3342	1108722.608
1485	584395.1174	1108580.811
1486	583951.504	1110231.226
1487	583808.6101	1110351.124
1488	583793.2414	1110361.222
1489	583727.6329	1110423.918
1490	583802.272	1110372.975
1491	583798.7155	1110375.403
1492	583863.6719	1110353.186
1493	583823.7941	1110341.148
1494	584177.6521	1109952.001
1495	584143.0557	1109990.907
1496	584160.059	1109971.771
1497	584168.6222	1109985.306
1498	584234.8937	1109903.517
1499	583881.7634	1110344.277
1500	583877.5554	1110339.956
1501	584178.2254	1109975.146
1502	583867.7048	1110305.27
1503	583840.8466	1110306.429
1504	583835.9221	1110301.352
1505	585814.0579	1110195.7
1506	585301.6631	1110275.11
1507	585304.2173	1110281.782
1508	585306.8349	1110288.62
1509	585304.0706	1110281.399
1510	585318.1835	1110318.265
1511	585318.1835	1110318.265
1512	585328.2693	1110349.956
1513	585324.4697	1110338.017
1514	585324.4697	1110338.017
1515	585329.5543	1110353.993
1516	585399.8992	1109355.197
1517	585158.7787	1109915.613
1518	585075.8065	1109639.855
1519	585068.7326	1109619.839
1520	585050.4208	1109568.024
1521	585406.4006	1109348.063
1522	585279.3707	1109486.655
1523	584923.4745	1109232.856
1524	585043.3427	1108822.29
1525	585427.7115	1109324.68
1526	585443.6578	1109307.183
1527	585595.4951	1109073.901
1528	585517.4953	1109156.788
1529	585495.6565	1109180.742
1530	585485.7043	1109191.658
1531	585340.2733	1109420.621
1532	584990.9916	1109401.148
1533	584984.4104	1109385.805
1534	584978.6056	1109372.271
1535	584988.0247	1109394.231
1536	584967.3585	1109345.591
1537	584967.7461	1109346.635
1538	584441.1881	1109795.566
1539	585152.8002	1109901.143
1540	585165.6552	1109932.256
1541	585816.3646	1110193.424
1542	582759.2641	1109232.325
1543	586062.2001	1109946.509
1544	586078.3579	1109930.213
1545	586074.1779	1109934.429
1546	585833.6627	1110176.359
1547	585814.7063	1110195.06
1548	585214.8303	1110039.528
1549	585214.8303	1110039.528
1550	585815.5613	1109116.188
1551	585843.026	1109122.757
1552	585791.1523	1109071.129
1553	585886.4844	1108974.672
1554	585927.8477	1108986.044
1555	586025.6475	1109117.895
1556	585898.0359	1108973.144
1557	585570.4581	1108864.255
1558	582991.6024	1108460.812
1559	583138.2683	1108361.399
1560	583226.049	1108300.055
1561	583316.9347	1108236.079
1562	583320.6961	1108233.431
1563	583400.4535	1108177.866
1564	583567.8375	1108062.21
1565	583588.7495	1108047.544
1566	582828.3942	1108554.398
1567	582803.5363	1108571.726
1568	582720.9414	1108629.148
1569	582675.2365	1108660.749
1570	583590.0221	1108030.316
1571	583582.8348	1108035.41
1572	583585.1199	1108033.791
1573	583570.6102	1108044.075
1574	583558.2073	1108052.867
1575	583526.3001	1108075.483
1576	583505.4509	1108089.84
1577	583501.5413	1108092.337
1578	583517.9203	1108081.423
1579	583354.1311	1109821.028
1580	583295.8545	1109763.813
1581	583292.4202	1109760.442
1582	583220.3875	1109689.724
1583	582520.0941	1109006.475
1584	550628.9678	1115154.212
1585	550618.1452	1115155.624
1586	583235.6784	1109704.735
1587	583044.8091	1109514.223
1588	582999.3044	1109470.741
1589	582984.7632	1109457.106
1590	582941.3778	1109415.088
1591	582955.3149	1109428.671
1592	582863.0594	1109336.493
1593	582810.2702	1109283.514
1594	584546.9185	1109674.611
1595	584567.2979	1109642.305
1596	582437.7944	1109811.061
1597	584467.4132	1107918.04
1598	584393.3229	1108578.5
1599	584552.5447	1108733.056
1600	584424.3446	1108579.878
1601	584527.4923	1108702.389
1602	585573.5183	1109097.353
1603	585569.8367	1109101.182
1604	585587.3817	1109082.934
1605	573281.0263	1117234.506
1606	585975.3975	1110924.808
1607	585897.0917	1110873.502
1608	585189.1767	1109982.389
1609	584072.7041	1107766.834
1610	584057.4898	1108149.255
1611	584054.737	1107775.876
1612	584892.9959	1109186.752
1613	585113.872	1108615.251
1614	584531.9144	1108707.802
1615	582722.0415	1109516.378
1616	584557.0388	1108416.445
1617	583341.3846	1107312.799
1618	584911.9041	1111103.728
1619	584907.6191	1111107.923
1620	584656.2719	1111117.737
1621	584914.011	1111101.665
1622	584975.7393	1111041.24
1623	585005.41	1111012.196
1624	585060.695	1110957.952
1625	585193.8963	1110826.376
1626	585190.8375	1110829.635
1627	585135.1523	1110884.671
1628	585019.5263	1110998.378
1629	585023.3551	1110994.63
1630	585152.2932	1110869.214
1631	584973.9734	1111042.969
1632	584976.2211	1111040.768
1633	585096.1507	1110922.747
1634	586204.8608	1111045.769
1635	585976.7151	1110901.117
1636	585609.6698	1110629.993
1637	586200.6722	1107065.117
1638	585774.9825	1107259.798
1639	585648.3258	1107639.718
1640	585616.5296	1107847.835
1641	582699.5129	1109185.363
1642	582513.9877	1109000.413
1643	582285.5367	1108774.859
1644	587183.1793	1107857.35
1645	587725.4152	1108298.511
1646	587299.2452	1107952.216
1647	587118.2407	1107800.644
1648	585993.5906	1110483.196
1649	584870.4441	1109124.123
1650	586314.0179	1106699.974
1651	586296.4164	1106707.034
1652	586175.6167	1106724.517
1653	582062.2939	1104670.928
1654	582072.9607	1104721.192
1655	582118.9891	1104965.296
1656	582769.1976	1104857.194
1657	581403.4092	1105441.057
1658	582136.611	1105057.506
1659	582177.7717	1105246.107
1660	584097.6647	1106065.948
1661	583070.715	1106816.181
1662	582925.9897	1106883.185
1663	582884.8182	1106966.55
1664	582798.0922	1106933.948
1665	582492.7879	1106799.094
1666	582238.6245	1106078.472
1667	582260.8472	1105941.512
1668	582281.0798	1105851.733
1669	582281.0798	1105851.733
1670	582232.9762	1105518.57
1671	582200.309	1105349.375
1672	585539.3605	1106706.114
1673	586639.0773	1106527.989
1674	586681.7458	1107432.318
1675	586773.3376	1106515.953
1676	582257.5048	1105677.337
1677	583609.0763	1107136.126
1678	583562.1072	1107094.642
1679	583484.598	1107019.001
1680	583560.5206	1107093.376
1681	583512.5228	1107046.7
1682	587107.2665	1106335.316
1683	587127.0088	1106327.859
1684	587190.0681	1106304.25
1685	587087.6307	1106342.732
1686	583116.0648	1106800.578
1687	586270.0642	1110639.18
1688	583285.6796	1105108.618
1689	584353.0611	1108528.103
1690	585893.5125	1110411.218
1691	585941.7741	1110446.915
1692	585990.7642	1110481.182
1693	585634.1752	1110381.329
1694	585839.2141	1110170.882
1695	585277.6258	1110233.638
1696	585299.1895	1110299.185
1697	585358.6713	1110413.325
1698	585367.6089	1110399.914
1699	585304.9015	1110316.547
1700	585278.0085	1110234.801
1701	585225.9407	1110071.659
1702	584871.4579	1111143.648
1703	583003.5296	1104975.289
1704	583040.5317	1104990.324
1705	582987.8256	1104968.336
1706	582220.032	1105439.747
1707	582222.1726	1105449.555
1708	582217.217	1105426.848
1709	583369.6314	1105151.342
1710	583321.1123	1105126.65
1711	583358.9574	1105145.909
1712	583371.4621	1105152.273
1713	584705.8277	1109417.185
1714	584768.6336	1109317.838
1715	584770.9348	1109314.197
1716	582770.7462	1111067.058
1717	586180.9427	1109448.572
1718	586182.8946	1109450.431
1719	583778.3175	1107845.635
1720	584787.3454	1109261.087
1721	584782.1414	1109269.493
1722	584774.5666	1109281.729
1723	584776.6906	1109278.298
1724	584555.919	1109632.126
1725	584433.7927	1109778.581
1726	584507.5805	1109699.446
1727	584386.5826	1109821.259
1728	584600.064	1109589.056
1729	584690.0805	1109444.038
1730	586742.8803	1106527.684
1731	586743.2534	1106527.54
1732	586419.5819	1107216.396
1733	586554.0028	1106603.584
1734	583725.5479	1112299.027
1735	583750.0813	1112274.754
1736	586043.3015	1110518.233
1737	583948.536	1108048.192
1738	583890.8945	1107858.871
1739	583854.4095	1107877.371
1740	584212.4175	1108329.418
1741	583724.7792	1107955.86
1742	584456.4728	1107887.671
1743	584401.0007	1107838.925
1744	584467.627	1107897.473
1745	583804.4445	1107329.232
1746	583628.7744	1107172.716
1747	584571.233	1108407.823
1748	581212.6672	1113912.205
1749	584550.6843	1108406.373
1750	584863.2727	1108248.538
1751	584199.853	1107707.72
1752	584145.8219	1107730.034
1753	584481.2498	1107930.602
1754	583110.8013	1109581.361
1755	583101.4306	1109587.854
1756	583363.116	1112663.155
1757	583374.5048	1112651.696
1758	583386.1916	1112641.21
1759	583481.5499	1112543.543
1760	583666.4035	1112357.445
1761	583733.3827	1112291.276
1762	583729.0667	1112295.546
1763	584654.3276	1111115.812
1764	586174.8627	1109422.695
1765	586219.4854	1109463.025
1766	586292.1899	1109516.424
1767	586673.4378	1110259.176
1768	584260.612	1108419.047
1769	584287.3314	1108450.793
1770	584296.3192	1108461.472
1771	584602.6162	1111064.584
1772	583638.4082	1110122.068
1773	583680.3172	1110137.322
1774	583735.4818	1110195.234
1775	583801.9846	1110288.944
1776	583775.0863	1110237.438
1777	583820.8015	1110308.389
1778	583812.2703	1110299.573
1779	583802.1931	1110289.159
1780	583797.3005	1110284.103
1781	583781.2921	1110244.052
1782	583781.2921	1110244.052
1783	584249.4731	1109895.724
1784	584117.2573	1110020.268
1785	584000.8725	1110152.724
1786	583960.5409	1110425.17
1787	583927.4473	1110391.188
1788	583897.2525	1110291.754
1789	584005.1574	1110168.971
1790	584014.9768	1110158.874
1791	584014.9768	1110158.874
1792	584174.9376	1109978.625
1793	584371.9337	1109854.146
1794	584360.7813	1109859.725
1795	584566.2757	1108410.834
1796	585652.6732	1109010.254
1797	583681.6648	1107731.945
1798	583744.06	1107915.183
1799	583790.8822	1107838.823
1800	583747.8294	1107809.772
1801	583755.5717	1107818.879
1802	582420.6366	1108871.595
1803	583870.0504	1107385.966
1804	586337.5295	1108916.899
1805	586337.5295	1108916.899
1806	583494.577	1108096.785
1807	583490.9983	1108099.07
1808	583491.8499	1108098.527
1809	583490.9983	1108099.07
1810	583496.2482	1108095.717
1811	583719.6104	1107776.579
1812	583556.6242	1108053.989
1813	583769.3601	1107922.252
1814	584097.6647	1106065.948
1815	583516.1827	1107050.331
1816	583545.8201	1107079.732
1817	581696.3405	1106171.492
1818	582071.6723	1106404.853
1819	585946.7054	1109215.694
1820	583207.8755	1106791.571
1821	582377.007	1106688.599
1822	582397.4423	1106708.101
1823	583064.7862	1106832.131
1824	583306.7318	1106863.836
1825	583219.5424	1106796.812
1826	583084.8918	1106811.168
1827	583051.3365	1106823.048
1828	583044.8052	1106825.379
1829	581997.3609	1106394.646
1830	582225.8917	1106156.945
1831	582235.2779	1106099.097
1832	582232.3423	1106117.189
1833	582230.4692	1106128.733
1834	582238.1579	1106081.348
1835	582254.0635	1105983.32
1836	582267.4282	1105823.083
1837	582253.2846	1105918.893
1838	582228.7945	1106076.312
1839	582230.9464	1105505.914
1840	582245.8632	1105587.925
1841	582204.5081	1105368.615
1842	585773.1553	1109005.969
1843	582245.2675	1105961.64
1844	581456.0506	1105675.234
1845	582226.2749	1106090.533
1846	583036.5819	1110863.004
1847	583087.0128	1110828.759
1848	585789.1881	1109004.025
1849	583576.1253	1108056.413
1850	585939.121	1109135.781
1851	586749.5405	1110009.696
1852	586753.3988	1110008.743
1853	586667.503	1110073.945
1854	586677.3772	1110054.174
1855	586719.8466	1110017.247
1856	584130.4517	1108264.11
1857	584174.3595	1108316.568
1858	584021.3079	1110509.521
1859	584206.2973	1110675.591
1860	584255.4704	1110722.527
1861	584296.3287	1110785.576
1862	584414.2455	1110903.119
1863	584429.7111	1110918.066
1864	583278.596	1109760.531
1865	585456.0638	1109293.349
1866	583758.1583	1107287.993
1867	583738.1136	1107270.134
1868	583933.0882	1108029.874
1869	584573.9013	1108406.202
1870	584150.6326	1108256.262
1871	584111.9697	1108241.987
1872	584140.6788	1108244.475
1873	583530.5403	1107553.029
1874	583516.5922	1107536.233
1875	583506.8087	1107524.986
1876	583502.1967	1107519.684
1877	586440.732	1111214.937
1878	586489.906	1111239.317
1879	586372.5204	1111154.71
1880	586433.5863	1110678.958
1881	586478.4093	1110602.311
1882	583502.446	1110575.998
1883	583531.0271	1110556.972
1884	583552.6766	1110542.561
1885	583562.7545	1110535.853
1886	583575.5556	1110527.331
1887	583594.6731	1110514.606
1888	583631.6423	1110489.434
1889	583715.7302	1110432.042
1890	584335.9781	1107803.455
1891	584436.4902	1107890.552
1892	584335.8151	1107803.313
1893	584378.7129	1107608.856
1894	584406.1607	1107595.297
1895	584426.9441	1107573.515
1896	584458.04	1107562.49
1897	584424.2235	1107574.911
1898	584371.9474	1107601.372
1899	584306.2859	1107634.156
1900	583988.5768	1107809.341
1901	584069.0464	1107768.675
1902	584090.4883	1107757.883
1903	584108.0564	1107731.461
1904	584082.0022	1107744.519
1905	584016.8603	1107777.166
1906	583941.3194	1107815.024
1907	584201.1381	1107663.769
1908	580615.7181	1110316.945
1909	585175.8077	1109956.828
1910	583977.9059	1108056.335
1911	583973.3482	1108051.004
1912	583612.2558	1107650.301
1913	583766.1664	1107831.342
1914	583873.6644	1107959.411
1915	584102.6934	1108230.988
1916	584142.2362	1108278.228
1917	584168.6036	1108309.729
1918	586173.2934	1109441.289
1919	584477.7519	1108642.809
1920	584472.5549	1108636.686
1921	584468.572	1108631.992
1922	584267.099	1108394.249
1923	584480.3815	1107929.808
1924	584162.368	1108270.157
1925	584162.6068	1108270.44
1926	584154.091	1108260.357
1927	583687.2307	1110430.875
1928	583653.71	1110452.899
1929	583339.8604	1110659.109
1930	583316.986	1110674.138
1931	582996.9163	1110889.939
1932	582803.9553	1111044.742
1933	583078.5723	1110860.201
1934	583298.2399	1110712.096
1935	583399.5194	1110644.512
1936	583528.6901	1110535.041
1937	583456.3347	1110582.581
1938	583647.0403	1110478.925
1939	584448.1408	1108607.918
1940	585794.742	1109094.954
1941	585908.9767	1108988.828
1942	586085.1017	1108967.504
1943	585905.9828	1108972.092
1944	585897.137	1108973.262
1945	585891.4089	1108974.02
1946	585866.5139	1108976.952
1947	585838.5598	1108979.937
1948	584960.4108	1108991.044
1949	584975.9703	1108960.442
1950	585543.7985	1108866.598
1951	585569.5607	1109101.469
1952	585033.8467	1108845.916
1953	585192.4324	1108555.989
1954	585299.2768	1108648.43
1955	585328.8055	1108679.701
1956	585339.5792	1108688.575
1957	585386.9093	1108727.558
1958	585515.0205	1108840.532
1959	585618.1548	1108933.219
1960	585622.423	1108936.919
1961	585633.0961	1108946.173
1962	585493.0474	1109183.604
1963	585509.6524	1109165.391
1964	585485.7043	1109191.658
1965	585485.7043	1109191.658
1966	585485.7043	1109191.658
1967	585521.8034	1109251.468
1968	585561.4321	1109234.066
1969	585549.0352	1109241.744
1970	585686.8068	1109098.933
1971	585756.59	1108988.691
1972	585605.3654	1108896.123
1973	585583.9739	1108876.594
1974	585575.029	1108868.428
1975	585564.6597	1108858.962
1976	585495.876	1108796.167
1977	585392.2336	1108706.051
1978	585372.8848	1108689.183
1979	585280.0166	1108608.219
1980	585268.2542	1108597.964
1981	585189.4674	1108535.174
1982	585107.321	1108633.62
1983	585102.253	1108647.826
1984	585027.8382	1108857.407
1985	584985.8544	1108941.002
1986	584945.5792	1109016.716
1987	584177.3254	1108320.091
1988	584398.9618	1108549.969
1989	584414.0311	1108567.725
1990	584422.4952	1108577.699
1991	584980.5829	1108350.273
1992	584446.3578	1108605.817
1993	586098.2094	1109349.099
1994	584793.9848	1108184.656
1995	584629.0095	1108041.549
1996	584504.893	1107930.823
1997	584296.1107	1107746.465
1998	584255.1412	1107732.86
1999	584406.5452	1107864.281
2000	584709.181	1108133.241
2001	584759.6527	1108279.935
2002	584536.872	1108428.696
2003	584909.0328	1108309.584
2004	584933.5832	1108331.44
2005	586018.349	1110500.841
2006	584967.3046	1109345.446
2007	584965.8212	1109341.452
2008	584973.2179	1108965.855
2009	585854.5351	1108996.102
2010	585876.235	1108993.471
2011	585588.019	1108880.287
2012	585834.2558	1109114
2013	585322.7469	1108673.79
2014	585323.9814	1108646.548
2015	585306.2619	1108631.1
2016	585170.163	1108538.13
2017	585021.7284	1108870.446
2018	584921.1214	1109074.767
2019	585048.8087	1108804.919
2020	585584.5666	1109085.862
2021	582383.2715	1109864.384
2022	582395.336	1109853.145
2023	582585.2139	1109657.228
2024	582853.8263	1109327.226
2025	584566.1912	1108749.759
2026	584608.2609	1108803.635
2027	585003.3061	1109434.692
2028	584999.6465	1109424.336
2029	584981.6726	1109379.422
2030	584961.7671	1109330.538
2031	584952.5978	1109305.851
2032	584948.7313	1109295.442
2033	584920.4085	1109225.655
2034	584906.374	1109192.693
2035	584895.7823	1109169.805
2036	586077.3672	1110965.765
2037	586319.5204	1110924.455
2038	586339.2487	1110882.49
2039	586339.0202	1110883.006
2040	581938.0352	1108407.589
2041	582013.2051	1108483.946
2042	581932.7142	1108420.326
2043	581664.3013	1108137.209
2044	581760.9055	1108249.939
2045	581825.4153	1108314.319
2046	582047.343	1108519.021
2047	585321.4088	1110328.399
2048	585187.6097	1109955.307
2049	585039.1807	1109536.215
2050	585014.8523	1109467.367
2051	577608.8893	1116600.785
2052	584466.6096	1110954.214
2053	584496.5776	1110982.461
2054	584550.3263	1111470.864
2055	584403.9485	1110893.241
2056	585341.845	1110396.216
2057	585391.4436	1110445.964
2058	585397.386	1110451.655
2059	585420.5586	1110449.147
2060	586228.8887	1109492.633
2061	585162.1484	1109923.769
2062	585284.095	1110253.302
2063	585301.8187	1110307.177
2064	584188.0435	1111834.013
2065	584258.5255	1111764.288
2066	584934.9179	1109299.846
2067	585005.2262	1109494.406
2068	585013.8112	1109518.281
2069	583018.2433	1109506.914
2070	583004.7565	1109493.791
2071	584456.0128	1109780.102
2072	584509.6236	1109724.179
2073	584509.6236	1109724.179
2074	584480.613	1109754.441
2075	585135.6411	1109856.45
2076	584841.8056	1108229.93
2077	581394.8322	1107884.154
2078	581300.0365	1107788.489
2079	581239.5225	1107729.279
2080	581157.8773	1107649.981
2081	581171.2529	1107662.972
2082	583264.5766	1107242.555
2083	583126.4504	1107083.872
2084	580593.7449	1107131.896
2085	580838.9659	1107344.507
2086	580794.0607	1107305.139
2087	580816.6103	1107343.892
2088	580837.421	1107362.05
2089	580810.0608	1107338.177
2090	579867.7934	1106519.857
2091	579988.8593	1106607.932
2092	579983.1418	1106619.913
2093	580191.9084	1106801.081
2094	584361.4089	1108536.769
2095	585218.2197	1110068.813
2096	585254.3491	1110173.814
2097	585245.6711	1110146.87
2098	585234.2926	1110113.067
2099	584414.6045	1109823.296
2100	584414.6045	1109823.296
2101	584429.2882	1109807.979
2102	585175.5028	1109956.09
2103	585135.5444	1109856.192
2104	584508.1655	1109725.7
2105	584113.0109	1108243.222
2106	584102.4077	1108230.649
2107	585842.4336	1110167.706
2108	585989.4365	1110480.236
2109	580960.9351	1107469.824
2110	580885.8306	1107404.291
2111	585231.0048	1110087.642
2112	585277.0898	1110232.009
2113	584567.8744	1108751.819
2114	585355.1227	1110409.716
2115	583437.7513	1106978.388
2116	584176.0172	1108318.537
2117	582643.1274	1108683.945
2118	582657.9997	1108672.667
2119	582672.4701	1108662.662
2120	582601.298	1108733.297
2121	582381.7102	1108858.108
2122	582432.6015	1108879.704
2123	583774.1474	1107840.73
2124	584136.1917	1107734.881
2125	584115.7988	1107727.581
2126	584043.8447	1108133.369
2127	548011.0617	1114532.18
2128	561406.6448	1129424.738
2129	560999.9571	1129399.095
2130	558988.0179	1131817.974
2131	560096.5657	1132751.176
2132	558141.3473	1132512.894
2133	548620.7399	1118811.263
2134	547215.9739	1115749.077
2135	555716.3405	1128332.052
2136	558108.5501	1130148.74
2137	558987.5823	1131890.771
2138	563506.8986	1129573.6
2139	552889.7597	1126092.357
2140	558232.7122	1135386.022
2141	585300.9107	1109463.268
2142	584858.5788	1111156.671
2143	551889.5552	1139462.9
2144	586235.3216	1109498.277
2145	584921.3312	1109227.822
2146	557985.6935	1135874.343
2147	558161.656	1135423.763
2148	558222.3123	1135389.534
2149	565103.3194	1115337.605
2150	586204.8915	1109103.753
2151	586081.1563	1109333.413
2152	585028.6101	1108855.57
2153	584844.0953	1109102.801
2154	584825.5024	1109081.573
2155	584631.0386	1108859.552
2156	584642.5795	1108847.665
2157	584831.8872	1109073.082
2158	584800.057	1109035.604
2159	584488.4624	1107937.201
2160	585333.6093	1108654.942
2161	583419.2398	1112608.15
2162	583527.3489	1112497.157
2163	584742.4004	1108290.551
2164	584541.5837	1108719.639
2165	583893.5307	1107391.575
2166	586236.9859	1109779.126
2167	586132.2331	1109876.475
2168	586142.45	1109391.196
2169	585902.7878	1109143.552
2170	585821.5862	1109101.349
2171	585531.5255	1109141.399
2172	585514.7014	1108840.243
2173	584943.034	1109021.002
2174	584145.3856	1107634.469
2175	584261.2396	1107715.057
2176	584510.1683	1108681.283
2177	585022.9109	1109490.173
2178	584949.0805	1109338.267
2179	584521.1818	1109680.485
2180	584535.2482	1109692.389
2181	584466.3371	1109746.577
2182	585965.0374	1110463.045
2183	584834.5444	1111179.927
2184	583539.6823	1110551.211
2185	556769.1423	1135713.873
2186	582267.9759	1105891.919
2187	582253.6408	1105985.925
2188	582240.6663	1106065.888
2189	557450.7072	1134329.089
2190	584763.3849	1108158.109
2191	586815.1041	1106499.864
2192	585978.3719	1106709.878
2193	584406.0643	1108493.43
2194	583991.2906	1107495.212
2195	586466.1157	1106601.034
2196	582275.7715	1105737.664
2197	585310.5581	1110298.345
2198	586578.788	1110430.62
2199	573728.4236	1117122.305
2200	583680.8955	1107199.559
2201	581932.6331	1106377.756
2202	585430.7452	1111882.925
2203	584901.8948	1109182.173
2204	585073.4527	1109684.131
2205	584796.1358	1109273.734
2206	585485.7043	1109191.658
2207	585254.6006	1110763.103
2208	585551.6147	1108386.785
2209	585322.0645	1110368.717
2210	586048.0724	1109324.35
2211	586006.6409	1109287.938
2212	586158.3463	1108941.445
2213	585300.2879	1110302.524
2214	584995.4905	1109467.332
2215	585149.8099	1109848.654
2216	586057.6872	1109951.06
2217	584262.339	1108388.603
2218	583048.2561	1112982.493
2219	585792.3078	1110340.334
2220	585853.3601	1110382.627
2221	586053.8107	1110525.345
2222	586023.2252	1110504.316
2223	586032.455	1110510.893
2224	584575.6604	1111445.646
2225	585030.2205	1110987.909
2226	585045.6167	1110972.838
2227	584008.8326	1112015.591
2228	583855.223	1112169.619
2229	583847.966	1112177.12
2230	583375.6274	1112650.566
2231	583155.8878	1112872.017
2232	582910.7486	1113121.222
2233	578033.1062	1116555.3
2234	574486.8921	1112754.944
2235	574447.0738	1112774.971
2236	577041.7576	1116661.306
2237	583584.9728	1112438.794
2238	583573.3565	1112450.559
2239	582452.2307	1111281.106
2240	584066.4332	1111956.165
2241	582150.2233	1113786.127
2242	583723.2665	1112301.285
2243	582119.7928	1113816.427
2244	574702.8163	1112649.865
2245	585387.0225	1109369.326
2246	584822.9012	1111281.262
2247	585032.2904	1108848.704
2248	584922.7423	1109266.996
2249	586361.8985	1109069.959
2250	578851.6999	1105170.479
2251	578807.328	1105143.732
2252	578345.5102	1105052.215
2253	574115.3167	1109599.032
2254	581466.0666	1109700.472
2255	584552.277	1108732.729
2256	584152.3967	1108258.351
2257	578971.861	1105885.313
2258	579036.4225	1105933.145
2259	586175.3622	1109423.18
2260	586225.3463	1109489.387
2261	586149.9091	1109419.023
2262	586098.948	1110553.826
2263	586994.2709	1110196.674
2264	584551.0347	1108731.208
2265	584543.7411	1108758.072
2266	583479.5502	1100921.134
2267	576828.1712	1116664.477
2268	577117.2809	1116655.175
2269	577126.6499	1116654.26
2270	583695.7789	1112328.326
2271	583620.0305	1112403.412
2272	577343.6116	1107326.665
2273	580776.5689	1104933.161
2274	583548.3192	1107082.211
2275	583285.0068	1106867.36
2276	584088.8663	1108184.804
2277	583288.4064	1108256.16
2278	583069.6065	1108388.253
2279	583631.4565	1107650.698
2280	583077.8264	1107043.762
2281	583305.8948	1106863.091
2282	583391.351	1106961.675
2283	583473.1692	1107034.238
2284	583606.6141	1107152.972
2285	583226.3469	1107197.253
2286	583471.552	1107463.441
2287	580654.1114	1107202.782
2288	585112.8115	1110906.203
2289	585209.7856	1110809.692
2290	585655.4279	1110669.312
2291	585772.5706	1110777.083
2292	585779.8654	1110783.118
2293	585840.9791	1110833.679
2294	585876.6841	1110831.97
2295	585856.8906	1110846.843
2296	585395.6598	1110425.949
2297	585399.9406	1110429.937
2298	585309.3343	1110295.149
2299	585317.8276	1110317.335
2300	585296.0585	1110289.667
2301	585274.7318	1110224.841
2302	585262.4867	1110192.731
2303	585256.8207	1110157.296
2304	574112.2449	1109599.45
2305	575558.7264	1108577.306
2306	575575.6223	1108579.59
2307	575770.7214	1108604.855
2308	579158.9878	1111068.296
2309	579213.6227	1111041.518
2310	579429.6264	1110934.72
2311	579525.1909	1109123.39
2312	578870.3137	1108230.861
2313	579205.1451	1106029.704
2314	578235.8923	1104266.757
2315	578810.5088	1105145.649
2316	578777.4325	1105125.712
2317	580932.0708	1104968.937
2318	586042.1891	1110517.481
2319	585266.1256	1110751.215
2320	585835.1882	1110370.086
2321	574218.4847	1104895.692
2322	585949.9853	1109133.457
2323	586060.8421	1109314.728
2324	585964.0214	1110462.34
2325	586177.4807	1109445.276
2326	581534.563	1109641.141
2327	581776.5426	1109433.417
2328	581628.4483	1109560.535
2329	583479.5502	1100921.134
2330	585538.3834	1109248.342
2331	586296.2529	1109618.234
2332	575052.4929	1104784.655
2333	581627.0295	1109561.753
2334	581961.1359	1108431.151
2335	581678.4151	1109517.648
2336	571201.4893	1107263.611
2337	583527.1902	1108074.852
2338	583540.2962	1107564.833
2339	577212.7335	1107363.988
2340	585657.8104	1109129.984
2341	585676.6353	1107617.582
2342	586077.4856	1109350.141
2343	586311.1048	1109081.768
2344	586031.6491	1109287.88
2345	585993.6861	1109255.585
2346	586089.8771	1109341.434
2347	586231.7096	1108932.542
2348	558187.0457	1135407.199
2349	584292.0337	1110757.427
2350	584962.7035	1109376.152
2351	584884.488	1108266.778
2352	558014.8235	1135751.255
2353	585485.7043	1109191.658
2354	583656.7312	1107178.216
2355	585437.6628	1109313.761
2356	586480.2458	1111233.389
2357	585315.2861	1110310.696
2358	585045.383	1108814.208
2359	586289.4733	1109511.298
2360	586212.3423	1110611.281
2361	582932.4544	1106865.463
2362	582176.8373	1101342.898
2363	581330.8141	1114105.889
2364	579251.3415	1115894.917
2365	584805.6232	1109231.561
2366	586090.8435	1108966.948
2367	586091.0935	1108966.924
2368	586090.5857	1108966.973
2369	584156.0245	1108294.745
2370	580850.661	1107855.015
2371	573161.6911	1104985.361
2372	586202.945	1108936.485
2373	585410.8704	1108747.585
2374	585528.9461	1108826.358
2375	585535.3994	1108832.249
2376	584916.4153	1109216.276
2377	585365.5375	1109392.901
2378	585370.24	1109387.741
2379	585347.2419	1109412.976
2380	586242.8867	1108946.305
2381	544142.6992	1131741.792
2382	582245.5169	1113680.758
2383	581815.4018	1106323.143
2384	581135.2	1105066.782
2385	574009.1298	1101603.904
2386	585538.3834	1109248.342
2387	585538.3834	1109248.342
2388	582376.796	1113524.425
2389	585454.8515	1109294.775
2390	586417.119	1109765.85
2391	586019.4548	1109989.614
2392	581617.4096	1109570.01
2393	582574.5443	1101180.356
2394	583479.5502	1100921.134
2395	585536.5241	1109135.917
2396	582585.9729	1101174.78
2397	585778.202	1107248.062
2398	585954.489	1109241.856
2399	585855.3692	1109153.94
2400	586212.0933	1108935.351
2401	586052.4203	1109113.452
2402	581157.9526	1105083.988
2403	585408.343	1109345.932
2404	585997.2311	1109279.623
2405	584246.7837	1108402.617
2406	583052.0843	1110878.001
2407	583366.8677	1112659.38
2408	586229.0859	1108948.245
2409	586361.8985	1109069.959
2410	586008.1721	1109140.396
2411	585975.995	1108978.941
2412	586279.2535	1108925.595
2413	585875.8294	1109172.323
2414	585883.1449	1109178.815
2415	585895.1403	1109189.414
2416	585883.0128	1109178.698
2417	585934.6341	1109224.311
2418	585943.4106	1109232.067
2419	586023.4591	1109302.768
2420	586009.8415	1109290.766
2421	585997.4938	1109279.856
2422	585809.7594	1109110.271
2423	581892.4973	1109331.787
2424	585743.5443	1109024.506
2425	585317.7518	1109445.245
2426	585801.0145	1109101.352
2427	586075.2534	1110964.438
2428	586055.1464	1109113
2429	585880.9766	1109176.892
2430	581004.9395	1104995.735
2431	586114.1567	1108946.359
2432	585550.0017	1108402.644
2433	585531.7944	1108507.002
2434	586296.8731	1108922.966
2435	586331.5972	1108917.784
2436	586244.7921	1108930.67
2437	586267.0396	1108927.417
2438	586272.9902	1108926.529
2439	586187.3113	1108938.224
2440	586211.4684	1108935.44
2441	586292.1884	1108939.373
2442	586282.5725	1109072.215
2443	586344.242	1109074.064
2444	586293.6814	1109085.768
2445	586266.7645	1108942.948
2446	586257	1108944.32
2447	586328.7265	1108934.236
2448	586298.1046	1108938.541
2449	586234.6068	1109098.479
2450	586346.9235	1109058.684
2451	586348.9768	1109058.253
2452	586350.4042	1109057.953
2453	586342.6346	1109074.438
2454	586287.6143	1109509.568
2455	586287.6143	1109509.568
2456	586287.6143	1109509.568
2457	586289.4733	1109511.298
2458	586289.4733	1109511.298
2459	586206.3937	1109451.525
2460	586226.8417	1109469.488
2461	586284.2758	1109507.846
2462	586343.1603	1109074.316
2463	585565.9525	1109229.141
2464	585576.3451	1109217.82
2465	585570.4695	1109224.221
2466	586289.4733	1109511.298
2467	586287.6143	1109509.568
2468	586287.6143	1109509.568
2469	586079.7129	1109352.094
2470	586084.4819	1109356.276
2471	585921.2265	1109212.464
2472	585593.7488	1109198.857
2473	585598.0006	1109194.223
2474	585561.4321	1109234.066
2475	585538.3834	1109248.342
2476	585538.3834	1109248.342
2477	585600.2237	1109191.8
2478	585508.6116	1109256.522
2479	585538.3834	1109248.342
2480	585538.3834	1109248.342
2481	585446.7219	1109303.821
2482	585447.3338	1109303.149
2483	585453.2784	1109296.626
2484	585453.2784	1109296.626
2485	584196.166	1109956.166
2486	586030.756	1109978.216
2487	584160.6915	1109993.696
2488	584162.1906	1109969.376
2489	584282.1837	1109898.482
2490	586088.4096	1109359.72
2491	586095.7633	1109366.168
2492	586109.2945	1109899.011
2493	586133.4467	1109875.302
2494	586020.935	1109300.554
2495	586047.4766	1109323.828
2496	586004.0966	1110005.105
2497	586110.8933	1109897.398
2498	585852.4355	1110157.839
2499	585845.9026	1110164.284
2500	585987.4549	1110021.89
2501	585975.736	1110033.71
2502	585948.6422	1110061.038
2503	585814.0579	1110195.7
2504	585875.6452	1110134.715
2505	585896.9082	1110113.218
2506	585888.5578	1110121.64
2507	585881.1462	1110129.116
2508	586262.8905	1111082.305
2509	581273.8383	1107747.871
2510	570652.169	1109498.089
2511	586352.8697	1109072.058
2512	580448.6328	1103877.44
2513	584573.4135	1108758.926
2514	585133.2532	1109801.942
2515	585847.3619	1110162.844
2516	584369.8601	1110831.48
2517	585646.0047	1109142.627
2518	584235.8981	1110703.845
2519	584252.5757	1109912.27
2520	583566.9099	1110027.792
2521	581238.3477	1105153.382
2522	569877.5239	1118118.415
2523	586040.6212	1109115.41
2524	586040.6926	1109115.398
2525	586231.889	1108932.517
2526	581434.42	1105551.187
2527	586360.058	1109055.923
2528	582227.7296	1106145.618
2529	577659.4361	1104154.59
2530	585483.7514	1109215.842
2531	585289.7242	1109475.318
2532	586051.206	1109957.596
2533	585450.9591	1109299.171
2534	586037.7563	1108972.085
2535	582112.5794	1104197.731
2536	585998.023	1108975.93
2537	585869.3936	1109166.609
2538	586254.8539	1108929.229
2539	586262.9972	1109497.035
2540	586021.0635	1109118.655
2541	581257.5076	1103856.387
2542	585661.3765	1109000.717
2543	585498.3096	1109177.832
2544	585396.6318	1109358.782
2545	549969.0801	1111220.584
2546	585873.6214	1109170.362
2547	560306.2517	1125052.274
2548	560304.3406	1125013.739
2549	581385.072	1112003.697
2550	583558.2765	1110019.453
2551	555769.4363	1138244.136
2552	586764.0634	1106519.525
2553	586663.114	1106559.462
2554	586662.2812	1106559.799
2555	586663.4157	1106559.341
2556	586662.0298	1106559.901
2557	586203.0288	1109088.046
2558	582164.173	1104289.467
2559	582162.9745	1104287.336
2560	564999.264	1120019.655
2561	589810.8261	1103581.565
2562	585413.0024	1110442.107
