PoiID	NEAR_X	NEAR_Y
0	720881.5374	1207448.408
1	720881.5374	1207448.408
2	712873.8648	1193520.715
3	703377.0444	1211841.428
4	703383.0761	1211839.363
5	718046.99	1211388.783
6	718046.636	1211388.649
7	764518.8654	1208039.641
8	698136.6674	1211027.101
9	698600.128	1210684.036
10	698596.2159	1210686.809
11	698595.5866	1210687.255
12	699528.9164	1209655.745
13	700434.6456	1211995.859
14	702163.0718	1206299.687
15	705954.9345	1186044.737
16	706081.4152	1186043.662
17	706099.0032	1186044.344
18	706114.6649	1186052.295
19	706243.4809	1186113.222
20	706260.5577	1186117.361
21	706114.6649	1186052.295
22	706118.158	1186055.682
23	706056.9015	1186109.192
24	705811.6041	1186031.99
25	706090.7832	1186123.711
26	706102.697	1186046.22
27	706323.6984	1186132.664
28	698117.5539	1211746.067
29	701723.2978	1212717.016
30	702840.15	1214569.196
31	704158.1307	1214850.27
32	700224.7918	1210833.636
33	700151.5388	1210817.042
34	698440.6708	1210800.28
35	694891.5046	1209457.396
36	702152.7612	1206278.143
37	698162.6982	1211006.549
38	698156.0649	1211011.786
39	698180.4626	1210992.523
40	698160.0234	1211008.661
41	698146.5018	1211019.336
42	698700.251	1210649.873
43	698767.9233	1210542.475
44	699489.6886	1210681.775
45	699154.0271	1210936.69
46	704246.1694	1210730.284
47	704233.1891	1210692.84
48	700898.8965	1212526.65
49	700977.8028	1212545.138
50	701607.0723	1212688.275
51	701726.2096	1212717.732
52	702310.9115	1205808.943
53	702012.1182	1206182.359
54	702537.3265	1205672.981
55	702050.0801	1206211.883
56	701945.7118	1206131.03
57	702557.8124	1206688.267
58	701640.2978	1205946.778
59	701903.5067	1206099.764
60	713056.8716	1193117.636
61	713128.4236	1192979.491
62	697666.8454	1208497.64
63	699145.0293	1210969.146
64	698291.9721	1211702.024
65	697008.5863	1211450.241
66	698263.5317	1211745.651
67	695767.3138	1211829.752
68	698283.3825	1211702.083
69	699100.0134	1211132.26
70	698470.0524	1211743.331
71	699152.7085	1210941.446
72	698249.7303	1211702.343
73	698381.2068	1211744.411
74	697750.6636	1211657.89
75	717460.8423	1211133.179
76	718448.9369	1211467.265
77	719180.5722	1211485.036
78	762638.0657	1208837.225
79	720881.5374	1207448.408
80	707235.7344	1205424.779
81	710281.2196	1201607.289
82	740766.756	1226738.419
83	701757.965	1215073.99
84	701757.7775	1215046.586
85	701757.8755	1215060.906
86	719311.8709	1211448.971
87	720815.5115	1211667.423
88	718610.2493	1211482.98
89	718760.4179	1211496.571
90	719874.0102	1211497.979
91	701370.9578	1211378.976
92	772853.2809	1200482.279
93	772712.1633	1200584.897
94	703622.17	1214577.977
95	720881.5374	1207448.408
96	720881.5374	1207448.408
97	720881.5374	1207448.408
98	720881.5374	1207448.408
99	720881.5374	1207448.408
100	720881.7642	1207446.002
101	721775.873	1181187.078
102	721617.7528	1181415.612
103	721308.3958	1181867.057
104	721457.9231	1181647.982
105	721670.8707	1181338.859
106	721705.5565	1181288.642
107	720993.2459	1182303.385
108	721004.4824	1182313.331
109	722071.9571	1180576.135
110	721725.4453	1181259.847
111	721715.2305	1181274.636
112	728730.4253	1202482.919
113	720181.8471	1193842.322
114	704165.6396	1209128.41
115	704165.378	1209116.045
116	737420.176	1221281.134
117	738876.6395	1226606.002
118	737443.2149	1218069.407
119	737459.1151	1218083.612
120	737459.2292	1218083.714
121	737580.4735	1218192.035
122	757503.8185	1239360.988
123	699162.9706	1211218.27
124	698399.4617	1210829.631
125	696491.7656	1213118.22
126	696464.0664	1213097.092
127	696500.0522	1213124.937
128	696487.4464	1213114.718
129	696453.648	1213089.072
130	700143.7277	1210815.245
131	706732.8805	1213443.135
132	703206.1405	1210293.016
133	713729.6325	1193219.484
134	713130.1971	1192976.102
135	713079.3482	1193074.801
136	712793.7567	1193717.247
137	712814.1082	1193670.576
138	712873.1145	1193522.735
139	712910.3313	1193423.991
140	712912.9973	1193416.952
141	713533.7887	1193704.363
142	713485.2526	1193821.508
143	713445.8572	1193920.197
144	745253.0094	1209336.018
145	718726.8318	1211493.431
146	717390.8467	1211102.941
147	733906.1858	1211263.438
148	733906.0502	1211347.459
149	733906.0543	1211348.295
150	743549.2339	1202607.755
151	699508.0009	1211576.447
152	699656.186	1211691.803
153	699707.8506	1211728.556
154	699754.4383	1211761.698
155	703275.2167	1207427.572
156	699622.6671	1209321.909
157	706271.2688	1213022.501
158	705939.4064	1213582.568
159	706158.0964	1213585.728
160	706114.5332	1213594.895
161	705660.5964	1213589.263
162	702160.0888	1213935.824
163	703806.4462	1215755.413
164	704138.8538	1214895.36
165	704138.9821	1214895.06
166	704138.8798	1214895.3
167	704152.1996	1214864.137
168	704193.8559	1214767.349
169	704031.5844	1215150.996
170	705393.3634	1213574.959
171	705353.177	1213570.346
172	706841.7611	1212133.516
173	706323.5814	1213050.256
174	706499.5052	1213183.72
175	706563.9209	1213234.602
176	706701.8482	1213332.274
177	707512.6233	1214022.266
178	708309.7628	1212724.06
179	708310.3557	1212481.873
180	707891.6551	1213047.206
181	707680.2751	1213084.108
182	707682.4952	1213083.26
183	707398.1958	1213191.636
184	708309.4258	1212427.54
185	708305.0785	1212279.725
186	709470.6134	1212935.991
187	709375.6644	1212951.221
188	709006.2654	1213008.092
189	708753.7207	1213049.321
190	708758.7546	1213048.519
191	703509.7986	1211784.653
192	703491.2731	1211791.037
193	702719.6894	1211124.241
194	702708.5473	1211145.438
195	702659.5527	1211211.83
196	702488.8567	1211445.987
197	702429.4195	1211530.4
198	702111.1534	1211733.255
199	702111.0202	1211733.325
200	701431.7464	1211870.075
201	701447.4147	1211866.885
202	701858.8028	1211825.354
203	703310.1003	1211864.617
204	703476.8263	1211807.325
205	703224.6038	1211895.409
206	703190.0268	1211907.551
207	703208.1485	1210291.438
208	703206.2021	1210292.968
209	703166.4814	1210327.612
210	703166.4814	1210327.612
211	703218.7497	1210285.096
212	703653.4346	1210028.953
213	704166.9521	1209190.453
214	704167.6575	1209223.799
215	704171.0242	1209435.979
216	703625.7573	1210040.774
217	703595.807	1210059.54
218	703595.807	1210059.54
219	704106.662	1204933.655
220	703833.0023	1204927.457
221	703558.3277	1205051.338
222	703941.1328	1204923.281
223	704220.5287	1211470.89
224	703623.9807	1211756.652
225	703550.4176	1211782.149
226	703515.8925	1211793.994
227	703560.9861	1211778.486
228	703563.7246	1211777.536
229	702740.9228	1212334.203
230	702436.2617	1212890.573
231	702658.5805	1212947.284
232	706103.0301	1212257.682
233	705534.8868	1212351.599
234	705499.8579	1212315.289
235	705553.479	1212370.533
236	704942.4318	1211718.585
237	704192.0022	1209768.438
238	704942.3572	1211718.505
239	704933.1576	1211708.622
240	704139.4899	1211560.865
241	704926.0966	1211701.037
242	704913.186	1211687.169
243	705794.2507	1207766.845
244	704498.5744	1209615.431
245	704433.1207	1209692.343
246	702807.0712	1205486.958
247	702856.6097	1205456.389
248	698782.5736	1187260.395
249	702918.4833	1205418.208
250	702908.673	1205424.261
251	702851.3653	1205459.625
252	703181.8593	1205255.028
253	703135.563	1205284.251
254	703119.5469	1205294.134
255	703117.1443	1205295.617
256	762106.8723	1207406.973
257	762510.9319	1208623.812
258	757159.7827	1190736.47
259	756931.8967	1190832.759
260	756760.3714	1190735.846
261	757003.5383	1191149.489
262	756810.1504	1190736.115
263	710669.071	1179442.586
264	710730.4539	1179433.033
265	710730.4539	1179433.033
266	710730.4539	1179433.033
267	710730.4539	1179433.033
268	710730.4539	1179433.033
269	710428.9071	1179465.527
270	710750.483	1179416.607
271	710730.4539	1179433.033
272	714177.3454	1181181.624
273	699201.9615	1210769.596
274	699438.9101	1210671.813
275	699205.8343	1210757.01
276	699192.7123	1210801.486
277	733897.7762	1211457.028
278	705287.3032	1213554.065
279	732972.9945	1210451.473
280	733205.6468	1210451.163
281	733899.3231	1210270.028
282	733901.5411	1210068.89
283	736185.9346	1210458.451
284	735641.6466	1210446.933
285	733905.9222	1211569.971
286	733435.6068	1210440.454
287	733203.5432	1210451.153
288	733053.0832	1210450.857
289	734279.7886	1210459.338
290	734279.7886	1210459.338
291	745105.0474	1208986.925
292	745105.0474	1208986.925
293	745019.3844	1208869.914
294	745099.1953	1208981.249
295	745081.6479	1209011.66
296	744707.1772	1209101.28
297	744707.1233	1209102.754
298	744707.1218	1209102.795
299	745146.8657	1209117.489
300	745228.3685	1209450.848
301	745175.205	1209172.667
302	745173.9168	1209170.316
303	745221.5423	1209261.381
304	745249.5281	1209392.547
305	746117.3804	1209766.558
306	746052.0211	1209834.218
307	745858.1784	1209999.421
308	745688.4976	1210108.925
309	745488.2951	1210198.634
310	745300.2744	1210262.823
311	745107.6915	1208994.602
312	745165.9641	1209155.024
313	744907.8986	1208644.492
314	744933.3783	1208701.944
315	745007.8687	1208846.335
316	744360.9302	1207553.771
317	744308.0158	1207138.497
318	744458.7296	1207774.385
319	744466.1436	1207762.909
320	744326.9515	1207461.464
321	744701.3587	1208408.553
322	744780.3588	1208389.141
323	744997.9733	1209799.769
324	744881.0345	1209945.776
325	745814.7936	1210033.351
326	745958.6329	1209917.714
327	746000.4165	1209881.011
328	746103.7757	1209782.271
329	746124.2896	1209758.764
330	746205.3303	1209674.551
331	746352.2444	1209429.103
332	746168.9183	1209709.872
333	746451.9457	1209257.369
334	743578.8893	1205305.471
335	743526.9862	1205607.018
336	743934.8355	1206341.297
337	744248.4803	1197941.858
338	709675.0114	1212903.298
339	713945.0062	1183022.979
340	713978.5898	1183298.617
341	736955.7288	1223737.689
342	741889.4722	1210430.85
343	737645.1644	1218249.839
344	735047.1129	1214736.446
345	737768.6214	1219045.417
346	712033.958	1197393.631
347	711812.0926	1197849.436
348	711801.5337	1197870.768
349	735987.7802	1216522.497
350	702575.1302	1205649.594
351	702402.0814	1205757.482
352	702485.4187	1206614.414
353	703208.1485	1210291.438
354	744059.7159	1197412.207
355	742536.5255	1196197.521
356	742421.5117	1196224.817
357	742157.4119	1196345.747
358	742229.9095	1196330.322
359	742560.4899	1196252.703
360	743569.1336	1196072.129
361	742669.0479	1196168.538
362	742994.0529	1196145.471
363	742919.7832	1196165.124
364	743258.6871	1192008.804
365	744382.7673	1198315.176
366	743812.0625	1196725.035
367	743458.9773	1195614.108
368	743465.7864	1195525.012
369	743460.4415	1195596.899
370	743460.352	1195597.95
371	742952.9547	1196096.55
372	742960.5538	1193026.035
373	742918.562	1193317.688
374	742932.1076	1193234.607
375	744537.0774	1199142.042
376	744537.2624	1199140.865
377	744536.8993	1198821.729
378	744523.6944	1199226.567
379	744356.7443	1200475.529
380	744442.7636	1199848.272
381	744547.9145	1199006.093
382	745686.4877	1234371.485
383	748841.1336	1234533.737
384	699334.0006	1210304.306
385	699741.8373	1210728.874
386	700772.9198	1211998.164
387	703580.9183	1211760.201
388	703500.8078	1211799.141
389	703792.2819	1211687.644
390	746877.1062	1234603.168
391	736885.085	1224037.028
392	743450.7671	1233088.464
393	742509.0036	1210424.274
394	741677.7734	1210432.383
395	739967.9191	1210471.975
396	743967.8311	1210414.81
397	737038.0568	1217702.935
398	702549.7088	1205665.321
399	702447.0285	1205729.207
400	705720.7124	1205265.325
401	703863.469	1213202.475
402	703930.9048	1211653.869
403	703961.6789	1211643.136
404	704000.0396	1211629.758
405	701813.4232	1206038.252
406	717004.2119	1216679.925
407	701717.2072	1212726.983
408	704361.5039	1188384.34
409	707020.9361	1186285.343
410	704266.5814	1185661.873
411	699906.5491	1211884.315
412	698133.3869	1211029.691
413	701942.5227	1211820.252
414	701357.7442	1211311.069
415	734619.2376	1213978.878
416	729104.7142	1210156.043
417	716981.7803	1216618.904
418	718512.6397	1211474.3
419	744266.9563	1197992.031
420	720481.2426	1183067.762
421	720450.2841	1183113.732
422	720588.7739	1182910.128
423	720450.2841	1183113.732
424	721103.1896	1182167.975
425	703173.2595	1202709.599
426	703784.849	1199695.13
427	704114.0273	1200031.691
428	703828.6466	1199704.972
429	704013.5856	1201700.859
430	704170.8823	1200122.512
431	704217.0517	1200531.955
432	734279.7886	1210459.338
433	723319.2005	1199210.441
434	733911.2055	1212755.418
435	714931.5058	1201580.654
436	715677.4648	1194278.168
437	695837.0022	1189101.459
438	712577.1127	1194723.649
439	713141.9155	1192953.749
440	719235.08	1184895.039
441	721213.8278	1193638.806
442	695563.1974	1212223.333
443	712711.2781	1187878.164
444	721692.9556	1226858.457
445	720785.4964	1222244.918
446	713588.2964	1213569.295
447	711564.2132	1212734.458
448	714115.4888	1191943.854
449	705440.517	1185943.153
450	711771.4243	1197930.175
451	707570.6066	1204137.888
452	702051.6696	1206213.204
453	711641.4053	1198138.81
454	713050.4474	1193129.821
455	720402.1067	1183161.989
456	698359.1903	1210856.811
457	778009.8772	1198072.212
458	777966.8269	1198094.48
459	744787.6382	1208403.464
460	711573.837	1198266.636
461	699752.2785	1211760.162
462	698936.4057	1208914.614
463	699099.9966	1211140.457
464	699263.7614	1208181.699
465	699099.9966	1211140.457
466	699711.062	1211730.841
467	699258.6363	1208200.685
468	698767.0353	1208669.079
469	699466.2521	1209835.813
470	698772.9861	1209063.628
471	698294.4212	1208610.503
472	702163.2469	1206299.859
473	720364.8706	1183217.204
474	720391.764	1183198.175
475	720345.1551	1183245.912
476	721478.364	1181596.615
477	720049.5216	1183702.19
478	719315.1997	1184780.197
479	717300.791	1187049.702
480	716268.6771	1187957.259
481	722068.5311	1180583.305
482	719235.9731	1184893.741
483	716251.7204	1187978.277
484	716270.2181	1187955.34
485	716307.0597	1187909.469
486	699435.3616	1208990.815
487	699810.1259	1211795.912
488	699834.2249	1211814.954
489	699611.5152	1211756.325
490	699586.3704	1211752.646
491	696972.8927	1211467.357
492	720167.626	1183504.412
493	704312.1966	1209706.436
494	714325.8596	1190479.099
495	744293.2054	1205348.185
496	702015.4575	1206134.439
497	700377.8758	1217760.199
498	699990.0033	1217703.651
499	718634.4906	1211485.134
500	748868.9849	1234548.323
501	703858.4769	1213986.496
502	696962.7685	1211479.699
503	696962.7685	1211479.699
504	695633.7235	1212600.682
505	715119.468	1209319.32
506	720881.5374	1207448.408
507	715087.0434	1209274.582
508	719001.6744	1211518.086
509	702151.8341	1206277.218
510	701437.7277	1211868.858
511	701399.1138	1211876.72
512	702954.8086	1210575.9
513	703877.8347	1213922.286
514	721723.3885	1181262.825
515	721770.8913	1181194.396
516	714161.6157	1191076.876
517	720136.6973	1220624.296
518	716307.6034	1187908.792
519	702345.0808	1216875.512
520	704176.0511	1213447.769
521	699099.9966	1211140.457
522	703402.2054	1210216.353
523	703400.9694	1210216.926
524	746009.4328	1209872.854
525	703234.6288	1211891.799
526	704436.5985	1216311.551
527	702336.2857	1216865.955
528	705713.7539	1207941.062
529	712757.5721	1193807.078
530	698899.3008	1210410.951
531	758790.706	1206836.025
532	744690.2351	1208216.476
533	734741.5	1210453.203
534	701856.917	1214591.692
535	753321.5704	1220862.514
536	753321.5704	1220862.514
537	703368.921	1211844.208
538	704205.7405	1210533.485
539	703751.8628	1180800.557
540	704226.0365	1211482.282
541	744701.2833	1208489.243
542	701216.8553	1211913.552
543	712694.992	1212373.187
544	712218.6019	1189809.564
545	709925.4422	1212862.897
546	720986.6458	1211704.675
547	702828.482	1212124.333
548	704398.1006	1209733.559
549	709040.5067	1202527.242
550	727713.2154	1210208.965
551	737619.1926	1218226.628
552	704833.1326	1211601.159
553	696021.5026	1212889.51
554	698178.2064	1210994.305
555	699202.7029	1208360.34
556	696693.1037	1215446.301
557	714198.7943	1190956.204
558	702505.9956	1211422.296
559	743947.2492	1201879.316
560	713323.7174	1192622.963
561	713327.8596	1192615.152
562	706386.4117	1213110.286
563	725875.071	1210525.866
564	772994.1285	1249834.933
565	714009.3069	1192546.017
566	713601.1479	1193542.273
567	713032.445	1193163.972
568	698485.4864	1210767.73
569	715379.015	1189016.635
570	744184.5605	1206808.166
571	722418.7765	1179804.69
572	704232.4649	1211476.39
573	717961.2427	1194116.119
574	710795.1502	1200440.03
575	702928.0975	1205430.93
576	704384.8454	1214307.378
577	707060.8877	1205409.718
578	713669.6813	1212125.477
579	713069.4125	1212284.392
580	758952.0633	1206844.51
581	704371.1632	1214378.321
582	704637.971	1209442.431
583	707423.6865	1213181.979
584	713410.396	1192461.496
585	713649.5855	1193420.743
586	711687.281	1200634.719
587	713323.7042	1192622.985
588	703118.6468	1211917.611
589	703888.2547	1211654.667
590	704228.6235	1211463.328
591	703836.6437	1211672.415
592	703854.9122	1210007.298
593	696158.7769	1188546.738
594	713540.8015	1192407.983
595	707062.1349	1205409.827
596	724207.8337	1210889.65
597	713746.4194	1212079.067
598	714664.5737	1201470.987
599	756783.2486	1206581.892
600	747640.5438	1207227.965
601	745290.2771	1208150.391
602	726469.7527	1210432.114
603	726470.4199	1210431.912
604	704245.49	1211463.686
605	744700.9044	1208605.879
606	700886.5753	1217840.105
607	698334.3572	1208614.75
608	704400.2017	1209730.929
609	697519.8304	1211244.821
610	713522.2495	1213487.679
611	704039.4382	1215130.191
612	697745.1433	1211304.116
613	702224.4993	1206347.969
614	757351.6914	1239184.608
615	699371.8632	1210169.141
616	700283.3747	1210846.781
617	712069.2382	1197358.951
618	774250.3509	1251649.185
619	706367.497	1188481.248
620	710177.9237	1187036.464
621	699931.077	1210765.899
622	701346.6316	1212620.22
623	710340.5444	1189823.94
624	704902.1312	1189049.797
625	704812.206	1188923.706
626	712578.8492	1194701.901
627	737632.7111	1218238.709
628	696728.7928	1211515.913
629	765556.6173	1263364.828
630	759271.8391	1203432.041
631	759272.0778	1203416.115
632	760566.3898	1206814.9
633	703876.3221	1211672.582
634	758384.7529	1240391.006
635	757532.1639	1239393.462
636	705638.9084	1213589.225
637	771347.0472	1248452.19
638	756430.8696	1238038.313
639	765743.4451	1263651.366
640	707496.5591	1186397.008
641	719001.641	1211518.09
642	765556.6173	1263364.828
643	765690.8121	1263579.332
644	704690.5159	1209373.61
645	765967.0539	1263945.716
646	765653.8881	1263516.949
647	765967.0539	1263945.716
648	765658.9325	1263526.422
649	763134.9233	1261649.745
650	712213.2494	1200795.336
651	758883.7229	1206317.18
652	757728.7647	1206861.422
653	744737.0256	1208308.273
654	718940.2253	1211513.074
655	711665.6406	1207141.073
656	711649.5474	1207132.514
657	745000.1812	1209797.059
658	762591.3092	1208911.876
659	712779.0417	1188569.491
660	715282.0255	1189141.297
661	715304.2565	1189119.259
662	780223.1151	1197151.606
663	765958.0636	1263933.74
664	719001.641	1211518.09
665	719001.641	1211518.09
666	719001.641	1211518.09
667	719001.641	1211518.09
668	719013.1955	1211516.725
669	718959.8245	1211514.675
670	762679.0989	1211501.737
671	773713.1031	1251220.411
672	714068.9418	1183692.576
673	704644.9786	1213517.779
674	737025.3265	1223416.939
675	718758.4425	1211496.386
676	703679.5075	1210022.012
677	733905.756	1211606.4
678	733219.7096	1210441.367
679	745437.4951	1208109.328
680	764403.3202	1208182.451
681	703403.9808	1210215.531
682	714197.8275	1190959.21
683	698629.5774	1210662.353
684	700918.717	1211031.166
685	701693.3811	1217964.763
686	737521.9778	1220639.965
687	725577.4429	1223540.931
688	737567.8527	1218180.759
689	739324.8614	1226636.782
690	714410.7425	1201367.238
691	704126.0398	1209973.77
692	709319.7332	1189456.253
693	708831.1568	1189262.031
694	745417.9698	1234378.593
695	701562.931	1211845.816
696	695563.1408	1212223.02
697	724169.8326	1210909.757
698	726081.7399	1210498.277
699	763110.4975	1212832.089
700	715574.0801	1211363.734
701	712682.8013	1212386.297
702	710938.4913	1212883.948
703	756741.1895	1238551.08
704	705084.1394	1213537.117
705	705069.9957	1213535.834
706	708128.7243	1213096.777
707	701349.7218	1211650.329
708	712585.7732	1195074.735
709	701817.4888	1212739.629
710	699804.7433	1211817.995
711	721962	1180811.246
712	732809.5915	1187725.69
713	744682.532	1208196.582
714	718045.0058	1211388.031
715	718279.0418	1211437.077
716	718339.3356	1211443.785
717	702405.3471	1206545.982
718	701384.7159	1211879.651
719	702704.8654	1212449.125
720	701330.8474	1212615.943
721	696151.4119	1188550.308
722	695956.7614	1188751.569
723	695948.6732	1212847.777
724	698843.3698	1187213.47
725	698871.7358	1187191.292
726	698361.2053	1187577.044
727	697004.6034	1188319.401
728	698390.2839	1187555.501
729	774754.8679	1252554.09
730	767468.4968	1250359.498
731	714456.91	1190097.84
732	721821.3116	1181113.383
733	762649.7074	1211695.894
734	765705.7321	1263602.206
735	743881.2204	1210415.857
736	726396.4075	1221869.51
737	758879.406	1206168.009
738	696962.7685	1211479.699
739	696487.4464	1213114.718
740	712821.5265	1193653.561
741	712871.8462	1193526.149
742	713445.1839	1193921.888
743	703208.8589	1211887.332
744	711366.1544	1189987.932
745	696940.0428	1211485.601
746	696962.7685	1211479.699
747	718994.1133	1211517.475
748	719445.5893	1211418.284
749	719574.113	1211418.501
750	719598.9442	1211423.467
751	719084.8302	1211498.752
752	719574.8798	1211418.581
753	715575.857	1209960.584
754	715764.2923	1210215.446
755	701434.0194	1211869.613
756	754172.4296	1206431.087
757	700015.0366	1210785.746
758	719874.2333	1183938.024
759	726407.1411	1221859.215
760	699141.978	1211155.694
761	699212.8376	1211277.021
762	704139.3208	1209924.359
763	701561.8142	1211845.99
764	702843.5602	1205464.442
765	702933.7587	1205408.781
766	701361.2211	1211884.121
767	702957.0893	1205394.384
768	701549.3118	1211847.938
769	701369.2501	1211882.801
770	707814.5081	1215342.057
771	765924.7716	1263889.391
772	703005.1234	1187452.356
773	696779.0325	1213545.377
774	698677.6691	1211741.551
775	765967.0539	1263945.716
776	765967.0539	1263945.716
777	765967.0539	1263945.716
778	765967.0539	1263945.716
779	765838.3141	1263775.773
780	765556.6173	1263364.828
781	705497.1898	1213583.759
782	756299.2687	1237819.008
783	700598.9159	1212426.981
784	763071.2167	1212771.46
785	745209.2587	1209494.738
786	699312.1245	1211383.382
787	757353.2319	1206771.937
788	754656.6445	1212009.639
789	760015.5139	1206823.922
790	713578.3057	1192426.244
791	756376.483	1237948.456
792	704257.1965	1211452.269
793	701648.4006	1211834.084
794	713690.4576	1193317.98
795	719310.605	1211449.254
796	765765.9155	1246809.582
797	765704.3041	1246776.174
798	767018.6399	1247428.427
799	771437.277	1248520.336
800	772129.3462	1249058.266
801	770080.6457	1247978.534
802	721418.8056	1224198.422
803	737236.2766	1226141.618
804	708966.3115	1213014.104
805	707714.1519	1213071.174
806	765967.0539	1263945.716
807	770356.7943	1247926.145
808	695566.3893	1212240.977
809	695553.7737	1212157.128
810	699242.3073	1211311.846
811	699587.3616	1211752.684
812	700700.9078	1212010.849
813	701400.7696	1211876.383
814	711683.7527	1207150.707
815	703785.3737	1204935.54
816	701930.5039	1211822.834
817	702983.936	1213027.75
818	765666.4209	1263540.484
819	706205.1776	1207088.933
820	779207.7411	1197546.068
821	702096.0301	1211741.212
822	702104.0051	1211737.016
823	701503.0694	1211855.656
824	701531.539	1211850.708
825	702362.2876	1211604.546
826	703237.8041	1210275.36
827	703220.9976	1210283.752
828	710745.2389	1179421.694
829	737563.8512	1218177.184
830	735713.8006	1216424.136
831	735340.5709	1215958.828
832	735450.2205	1216205.743
833	737650.4644	1218254.575
834	737799.1934	1218858.029
835	737647.316	1219846.501
836	737393.2422	1221440.284
837	737425.0333	1221246.123
838	737501.4995	1220758.821
839	735273.6214	1215138.134
840	733906.1623	1211304.315
841	737809.851	1218426.248
842	737032.5682	1223374.593
843	735869.899	1216500.173
844	734741.5499	1214189.074
845	733904.1328	1210642.302
846	733897.2051	1210730.077
847	736905.3569	1217582.971
848	735442.4271	1216192.052
849	737554.473	1218168.804
850	737655.8384	1218259.378
851	733997.2994	1212915.535
852	736029.657	1216547.325
853	733970.7288	1212871.213
854	734017.5311	1212948.586
855	704156.6461	1214853.741
856	737423.092	1218051.43
857	737407.7093	1218037.687
858	736074.1967	1216545.524
859	735103.5781	1214837.083
860	735382.8866	1216495.22
861	732453.7322	1218825.576
862	733603.1056	1218646.396
863	729468.6254	1219611.517
864	700200.9684	1217734.531
865	737182.859	1222649.339
866	706464.4028	1212197.517
867	737668.3138	1219709.599
868	737825.9706	1218688.839
869	745139.7252	1209102.786
870	745075.4889	1209006.081
871	744707.9328	1209034.902
872	745253.5311	1209341.265
873	746221.7373	1209650.596
874	745206.7691	1209500.313
875	745292.6754	1210265.311
876	745329.1708	1210253.36
877	744660.706	1208149.507
878	762257.8987	1207716.995
879	762258.9288	1207720.574
880	761595.3906	1207149.22
881	756644.3853	1206581.458
882	752805.5282	1206313.461
883	746150.8946	1209729.491
884	745013.3209	1209780.928
885	745821.7743	1210028.295
886	746235.7319	1209626.505
887	709403.6183	1212946.704
888	709405.1931	1212946.45
889	708801.7756	1213041.715
890	771874.4644	1260727.291
891	764299.8991	1245898.799
892	736351.0927	1217011.56
893	756926.4012	1206624.764
894	703624.8401	1211745.123
895	749707.6183	1234922.632
896	743372.6351	1229836.097
897	707497.0691	1218665.312
898	722205.8531	1180290.998
899	708308.5044	1212365.684
900	702719.836	1185289.349
901	702236.846	1185172.72
902	702541.9716	1185246.395
903	702335.6197	1185196.57
904	733732.3786	1194880.288
905	713859.339	1212012.752
906	721921.9445	1180875.592
907	722121.5755	1180437.772
908	722304.3491	1180053.628
909	722540.9661	1179550.975
910	716730.348	1187408.186
911	715875.8078	1188444.111
912	715625.9629	1188750.026
913	721813.251	1181128.582
914	715902.507	1188411.022
915	720486.3108	1183060.304
916	722974.1473	1178664.159
917	715895.6461	1188419.525
918	715861.5454	1188461.79
919	719429.5977	1184612.291
920	722678.1937	1179289.885
921	715904.0291	1188409.136
922	722976.108	1178660.133
923	701837.5226	1211825.877
924	703151.1542	1213069.951
925	703119.2186	1210379.602
926	702151.7119	1206277.096
927	700927.0878	1211971.146
928	699155.5925	1210931.043
929	744822.7491	1210017.434
930	699100.0134	1211132.26
931	713644.941	1192082.947
932	713555.7711	1192228.614
933	737559.6751	1220408.505
934	699113.1803	1210554.069
935	698174.8018	1210996.993
936	702186.5201	1211694.24
937	700336.2731	1211958.925
938	703580.6027	1210072.602
939	696944.0615	1211484.557
940	700242.2152	1210837.545
941	702403.4057	1211568.571
942	746699.3296	1208837.889
943	721783.5836	1181175.752
944	722781.2214	1179078.728
945	721622.363	1181408.951
946	765845.2166	1263784.825
947	715789.957	1188519.195
948	722399.89	1179872.506
949	721823.7663	1181083.657
950	714289.8528	1190560.236
951	720011.6477	1183757.763
952	765967.0539	1263945.716
953	765809.2253	1263737.632
954	721811.4283	1181132.019
955	706577.544	1213258.362
956	762597.35	1208933.631
957	737452.5568	1221060.364
958	737453.7518	1221053.582
959	705508.0483	1212324.769
960	765904.7464	1263862.89
961	765967.0539	1263945.716
962	702552.355	1213075.115
963	764980.8814	1246566.071
964	718285.8921	1211437.839
965	718885.8333	1211501.539
966	743782.8279	1210416.796
967	699202.4532	1210767.998
968	699198.0861	1210782.828
969	699410.9527	1210666.328
970	699238.8724	1210644.392
971	699205.5212	1210758.028
972	699432.0549	1210670.468
973	699466.8763	1210677.3
974	695591.8137	1212398.37
975	744548.657	1198941.658
976	737744.7088	1195873.312
977	742404.409	1210416.202
978	765656.7854	1263522.39
979	765663.0302	1263534.117
980	765684.0017	1263568.89
981	734279.7886	1210459.338
982	745860.0691	1209997.908
983	743464.7587	1205483.422
984	744267.0983	1197992.417
985	743900.6662	1206279.923
986	700474.4916	1210892.784
987	746602.5624	1209001.866
988	745873.4596	1209987.191
989	733904.7089	1212419.855
990	733893.662	1212419.643
991	772263.0815	1201464.07
992	772261.7967	1201466.599
993	765967.0539	1263945.716
994	765965.757	1263943.989
995	765967.0539	1263945.716
996	705853.5561	1187093.969
997	701250.1547	1217898.102
998	703905.9955	1216166.58
999	703975.757	1213279.078
1000	704015.1526	1213314.002
1001	715890.246	1211082.91
1002	745373.5575	1208127.283
1003	744959.3197	1208749.491
1004	765964.5588	1263942.393
1005	765963.314	1263940.734
1006	765737.1044	1263643.05
1007	754577.8727	1212446.756
1008	746012.3539	1209870.211
1009	701438.5021	1211868.7
1010	696742.6561	1211514.605
1011	700299.5405	1210850.408
1012	700221.8918	1210832.985
1013	770470.3423	1202622.027
1014	699841.7585	1210747.826
1015	720350.4361	1183260.001
1016	745932.1674	1209939.437
1017	746066.0355	1209821.438
1018	745891.5577	1209972.708
1019	745826.0186	1210025.22
1020	745845.8651	1210009.275
1021	745610.9065	1210145.421
1022	745576.857	1210161.606
1023	745521.2376	1210185.893
1024	745414.9836	1210224.242
1025	745345.2773	1210248.085
1026	745166.2122	1210301.237
1027	744906.5689	1210359.198
1028	744849.2731	1210367.682
1029	746298.7173	1209519.116
1030	746329.8549	1209466.47
1031	746325.9182	1209472.717
1032	746309.2778	1209500.403
1033	746348.0349	1209436.495
1034	746375.6356	1209388.718
1035	746438.2883	1209280.543
1036	746564.8744	1209065.2
1037	746503.3754	1209172.135
1038	746544.6049	1209100.236
1039	746409.1164	1209333.868
1040	746480.5294	1209209.62
1041	746447.741	1209264.517
1042	746400.8642	1209347.303
1043	764436.1854	1208143.358
1044	764198.4488	1207985.16
1045	764243.9081	1207986.465
1046	764098.7178	1207982.297
1047	763713.6858	1207974.441
1048	741120.3285	1210428.766
1049	711331.9891	1200521.924
1050	713837.2641	1191229.783
1051	767084.1097	1219819.396
1052	703412.0739	1211818.328
1053	713258.6773	1192738.565
1054	719962.4262	1183828.848
1055	707681.0072	1213083.828
1056	709852.3893	1212874.885
1057	709958.7278	1212857.066
1058	713435.2823	1213370.811
1059	711668.6457	1198128.121
1060	715495.3852	1194213.783
1061	736597.4661	1210444.845
1062	721196.7826	1223343.833
1063	737527.8136	1220603.66
1064	737529.9032	1220590.108
1065	737513.6411	1220689.923
1066	737512.2119	1220698.416
1067	737494.4699	1220814.885
1068	737492.0477	1220830.365
1069	737565.8162	1220369.608
1070	737573.4477	1220322.831
1071	737596.4491	1220175.595
1072	737607.6565	1220104.618
1073	737623.7122	1220002.197
1074	737445.4938	1221110.983
1075	737442.9777	1221132.071
1076	737434.9999	1221184.249
1077	737435.8235	1221179.672
1078	737430.4316	1221209.636
1079	737427.2772	1221227.696
1080	737414.6844	1221315.699
1081	737364.2841	1221612.537
1082	737356.9721	1221673.463
1083	737334.4061	1221822.152
1084	737331.3488	1221839.362
1085	737324.8569	1221874.798
1086	737259.4877	1222238.393
1087	737248.8652	1222297.009
1088	737236.5796	1222358.591
1089	737093.0824	1223092.628
1090	737094.7557	1223085.106
1091	737080.3195	1223149.98
1092	737814.213	1218435.633
1093	736987.7437	1217657.173
1094	737058.0574	1217721.127
1095	737678.3381	1218279.486
1096	737670.271	1218272.276
1097	737726.7276	1218322.895
1098	737799.4187	1218409.053
1099	735044.2991	1214731.453
1100	734052.6929	1213004.717
1101	733895.4129	1212235.639
1102	733897.0293	1212195.904
1103	733905.8543	1211439.896
1104	733896.6981	1210840.782
1105	731033.9952	1209720.311
1106	731091.971	1209698.464
1107	731229.785	1209686.444
1108	731553.1423	1209710.684
1109	731735.4953	1209820.087
1110	731986.5145	1209956.832
1111	732695.6247	1210341.285
1112	732908.842	1210440.675
1113	733434.9002	1210451.502
1114	733457.4547	1210450.851
1115	733574.1104	1210448.515
1116	733605.2894	1210448.335
1117	733602.2295	1210440.762
1118	733617.4685	1210448.32
1119	733783.2298	1210469.234
1120	733904.7586	1210845.21
1121	725583.3407	1223517.803
1122	711665.3319	1197986.681
1123	712033.958	1197393.631
1124	735657.992	1216382.821
1125	703185.7989	1210309.842
1126	735880.5954	1216502.199
1127	750969.8997	1206158.019
1128	743842.6117	1196811.26
1129	744246.1586	1197935.554
1130	715168.8846	1189242.013
1131	742976.1315	1196090.469
1132	742937.1131	1196100.705
1133	744982.238	1209818.591
1134	703871.2837	1210005.675
1135	699105.9788	1211152.706
1136	744515.0617	1198721.347
1137	748991.0635	1234611.994
1138	748626.6305	1234422
1139	743137.1932	1232381.509
1140	703027.4524	1214650.365
1141	709871.451	1212871.834
1142	745784.2847	1210053.587
1143	745829.5372	1210022.672
1144	764439.9415	1245994.104
1145	745826.3863	1223732.929
1146	733291.8086	1207276.426
1147	717677.8653	1194118.497
1148	765910.2271	1263870.077
1149	720384.4825	1193872.259
1150	702537.9869	1211379.578
1151	704553.6458	1216348.001
1152	704867.4519	1211622.098
1153	703178.3575	1211911.604
1154	699264.872	1210036.034
1155	699099.9966	1211140.457
1156	702686.5205	1212442.319
1157	702997.2685	1211958.367
1158	698107.2016	1211049.489
1159	703863.2039	1216165.592
1160	706259.7511	1216474.748
1161	702665.4567	1212561.43
1162	745789.6424	1210050.033
1163	705158.9046	1208786.853
1164	703542.7556	1210106.819
1165	704886.7782	1211642.517
1166	704450.6552	1209673.256
1167	716725.7036	1187412.22
1168	701776.5254	1214862.003
1169	704083.1174	1215019.677
1170	697949.4952	1211698.155
1171	699020.9264	1211744.517
1172	700002.4538	1210782.918
1173	702093.6926	1212808.232
1174	702095.9996	1212808.859
1175	703395.2407	1211835.2
1176	706316.3964	1216456.789
1177	702686.5205	1212442.319
1178	702561.2428	1213032.482
1179	704851.5432	1211605.29
1180	744464.6988	1210411.627
1181	749627.9472	1221305.919
1182	711631.9772	1198156.555
1183	702623.0016	1206754.405
1184	715630.3335	1188744.886
1185	697229.2111	1210249.2
1186	701981.4819	1214143.739
1187	701975.0551	1212778.357
1188	704881.1865	1211636.609
1189	703816.8935	1213185.876
1190	701123.4562	1212579.423
1191	706217.0255	1205346.549
1192	704866.7412	1211621.347
1193	704883.0184	1211638.545
1194	703424.0077	1211814.216
1195	699314.5883	1211386.282
1196	756878.9174	1238747.321
1197	755909.1718	1237061.795
1198	703503.922	1211798.079
1199	758520.2523	1240547.837
1200	701302.6569	1212608.303
1201	701930.3328	1212767.656
1202	701514.6657	1212664.742
1203	701757.2858	1212736.955
1204	701188.107	1212580.241
1205	701358.6242	1212623.47
1206	701369.0729	1212626.301
1207	701275.5296	1211901.509
1208	701374.7983	1212627.853
1209	701358.326	1212623.389
1210	701364.8329	1211883.7
1211	701348.6069	1212620.755
1212	701441.059	1211868.179
1213	701371.6367	1211882.315
1214	701460.9116	1211864.172
1215	701872.5434	1211825.017
1216	701556.2589	1211846.856
1217	701564.7445	1211845.534
1218	701502.6509	1211855.745
1219	701530.5731	1211850.858
1220	701628.0925	1212693.586
1221	701758.2287	1211827.421
1222	701894.4314	1212758.739
1223	701894.9602	1212758.87
1224	702639.4104	1212680.894
1225	701634.4699	1212706.398
1226	700722.3369	1212473.889
1227	700746.8624	1212479.24
1228	700734.1892	1212476.475
1229	765289.433	1263010.937
1230	757705.1475	1239593.6
1231	703742.3339	1211717.259
1232	770538.1969	1202613.562
1233	770442.6365	1202623.508
1234	704677.8445	1209390.206
1235	765041.5024	1205740.625
1236	717916.7484	1186737.656
1237	721305.8879	1181846.551
1238	717134.0869	1187114.394
1239	719071.8561	1185118.587
1240	718264.1879	1186323.556
1241	715193.5401	1189218.738
1242	717734.7974	1186879.008
1243	714623.989	1189827.327
1244	719443.1836	1184570.927
1245	716819.2542	1187331.395
1246	721717.3034	1181271.635
1247	715133.6957	1189257.19
1248	765803.7229	1263730.417
1249	751661.5128	1235530.835
1250	744826.7516	1234289.433
1251	733505.5475	1210440.342
1252	696157.91	1188547.158
1253	699364.1656	1186903.143
1254	704462.1386	1188470.731
1255	699513.2113	1211749.785
1256	699061.4066	1211744.447
1257	770518.1508	1202618.213
1258	767351.6962	1247498.903
1259	699859.4612	1211850.969
1260	744321.9474	1207360.647
1261	756235.8169	1206589.342
1262	702162.5438	1212824.699
1263	721102.9034	1182168.397
1264	710123.3103	1179495.056
1265	746014.2694	1209868.478
1266	744700.8197	1208721.498
1267	746124.7417	1209758.254
1268	712576.5028	1194921.875
1269	704865.178	1188997.216
1270	705751.5726	1207847.403
1271	703859.6546	1213200.955
1272	704693.9173	1211410.719
1273	713017.1402	1193193.015
1274	713030.2107	1193168.21
1275	699598.2856	1185458.035
1276	713030.3948	1193167.86
1277	713025.041	1193178.015
1278	720349.4099	1183261.506
1279	720348.3477	1183263.064
1280	720504.3131	1183033.812
1281	720127.8522	1183586.821
1282	700850.6554	1217834.699
1283	744700.8018	1208719.828
1284	712398.6608	1190057.87
1285	712379.9503	1190033.372
1286	712454.5069	1190101.479
1287	712441.4751	1190092.907
1288	712332.5894	1189966.84
1289	712342.3642	1189980.438
1290	712429.345	1190084.736
1291	712278.1745	1189890.925
1292	712107.9359	1189800.843
1293	712087.0173	1189806.722
1294	711990.3855	1189837.246
1295	711819.7657	1189880.233
1296	711783.8168	1189888.191
1297	711739.0372	1189898.908
1298	711710.5137	1189906.409
1299	711680.3108	1189914.351
1300	711469.135	1189967.687
1301	710869.5785	1189882.6
1302	711374.876	1189988.599
1303	711302.7184	1189972.117
1304	711266.0502	1189963.571
1305	711268.6677	1189964.181
1306	711237.8386	1189957.643
1307	711337.3183	1189980.182
1308	711319.6507	1189976.064
1309	711269.5517	1189964.387
1310	711252.2303	1189960.534
1311	711168.8191	1189943.335
1312	711272.966	1189965.183
1313	711221.1236	1189954.285
1314	711079.1822	1189924.116
1315	710985.602	1189904.798
1316	710886.407	1189885.688
1317	710686.8144	1189860.593
1318	710687.0762	1189860.615
1319	710741.4061	1189865.418
1320	710643.4619	1189857.617
1321	710582.3115	1189853.197
1322	710687.9701	1189860.69
1323	710666.7236	1189859.02
1324	710666.6056	1189859.013
1325	710687.2535	1189860.63
1326	710778.9185	1189869.437
1327	710900.0118	1189888.185
1328	710534.4914	1189849.021
1329	710501.0928	1189846.105
1330	710510.8037	1189846.953
1331	710499.7845	1189845.991
1332	710497.3174	1189845.776
1333	710509.4515	1189846.835
1334	710506.6916	1189846.594
1335	710484.998	1189844.7
1336	710490.5594	1189845.186
1337	710489.9749	1189845.135
1338	710419.7224	1189836.593
1339	710484.7447	1189844.669
1340	710574.9959	1189852.558
1341	710596.6634	1189854.428
1342	710617.477	1189855.962
1343	710881.6894	1189884.822
1344	711047.1954	1189917.43
1345	711041.8508	1189916.369
1346	711051.3922	1189918.263
1347	710978.3676	1189903.298
1348	710615.8866	1189855.86
1349	711028.2074	1189913.634
1350	710520.0761	1189847.763
1351	710452.7782	1189840.699
1352	710416.1545	1189836.15
1353	710645.5996	1189857.746
1354	710916.5443	1189891.218
1355	710949.9295	1189897.517
1356	710857.9494	1189880.466
1357	710743.3346	1189865.624
1358	710571.8098	1189852.28
1359	710474.4806	1189843.394
1360	710691.8848	1189861.019
1361	710439.3435	1189839.03
1362	710599.4	1189854.647
1363	710617.2335	1189855.947
1364	710669.2945	1189859.175
1365	710570.9556	1189852.205
1366	710904.5415	1189889.016
1367	710955.1562	1189898.554
1368	710808.9243	1189872.754
1369	710789.1063	1189870.563
1370	710808.9243	1189872.754
1371	710730.9027	1189864.299
1372	710841.2891	1189877.728
1373	710652.0687	1189858.136
1374	710804.8014	1189872.299
1375	710949.502	1189897.433
1376	710955.8572	1189898.692
1377	710938.2186	1189895.196
1378	710903.311	1189888.79
1379	710966.1213	1189900.758
1380	710579.3766	1189852.94
1381	710569.519	1189852.08
1382	712077.0599	1189809.947
1383	710089.4941	1189694.507
1384	711857.5551	1189871.025
1385	711887.5817	1189863.579
1386	712060.8936	1189815.184
1387	712490.5272	1189459.347
1388	710507.7522	1189846.687
1389	710545.9199	1189850.019
1390	710822.7853	1189874.885
1391	710852.0059	1189879.375
1392	710659.7311	1189858.598
1393	710794.0036	1189871.105
1394	710943.9848	1189896.339
1395	710939.4882	1189895.447
1396	710089.4941	1189694.507
1397	710641.9662	1189857.527
1398	711776.8283	1189889.813
1399	711897.8829	1189861.024
1400	712017.7859	1189828.902
1401	712082.4047	1189808.216
1402	712509.0639	1189372.65
1403	712503.3491	1189399.488
1404	712491.8611	1189453.204
1405	712487.9762	1189471.095
1406	710941.1126	1189895.769
1407	710884.3438	1189885.309
1408	710854.7705	1189879.883
1409	710852.0059	1189879.375
1410	711058.0271	1189919.58
1411	710938.2186	1189895.196
1412	710865.6433	1189881.878
1413	710882.7232	1189885.012
1414	711078.4532	1189923.96
1415	710910.302	1189890.073
1416	710899.3572	1189888.064
1417	710881.3034	1189884.751
1418	710976.0659	1189902.82
1419	710988.2192	1189905.341
1420	711770.2225	1189891.346
1421	710873.3042	1189883.284
1422	710852.0059	1189879.375
1423	710852.0059	1189879.375
1424	710900.0139	1189888.185
1425	710938.2186	1189895.196
1426	711936.7648	1189851.381
1427	710927.5108	1189893.231
1428	711761.3959	1189893.394
1429	712070.2176	1189812.163
1430	710938.2186	1189895.196
1431	712042.9055	1189821.01
1432	712026.5996	1189826.211
1433	712022.5158	1189827.458
1434	711928.939	1189853.322
1435	711876.0985	1189866.427
1436	711898.9111	1189860.769
1437	711891.0058	1189862.73
1438	711962.8715	1189844.907
1439	712059.5929	1189815.605
1440	711739.0264	1189898.911
1441	711999.5041	1189834.399
1442	711840.159	1189875.435
1443	711810.1988	1189882.335
1444	711847.3722	1189873.596
1445	711870.6958	1189867.766
1446	711757.5272	1189894.292
1447	711704.4883	1189907.994
1448	711718.5052	1189904.308
1449	711743.5307	1189897.727
1450	711206.475	1189951.342
1451	711179.1727	1189945.555
1452	711180.9384	1189945.933
1453	711269.4374	1189964.36
1454	711792.0849	1189886.313
1455	711754.131	1189895.08
1456	711545.4079	1189948.243
1457	711556.4866	1189945.467
1458	711630.5751	1189926.903
1459	711675.3446	1189915.657
1460	711594.817	1189935.862
1461	711619.0599	1189929.786
1462	711631.7698	1189926.603
1463	711138.3547	1189936.803
1464	711715.4141	1189905.121
1465	711118.8895	1189932.63
1466	710990.5906	1189905.833
1467	711027.8244	1189913.555
1468	711080.2094	1189924.337
1469	711569.5862	1189942.184
1470	711590.323	1189936.988
1471	710980.8098	1189903.804
1472	710995.4922	1189906.849
1473	711009.654	1189909.786
1474	711054.2073	1189918.822
1475	711069.6817	1189922.079
1476	711058.0271	1189919.58
1477	711152.3105	1189939.795
1478	711651.8445	1189921.623
1479	711616.0113	1189930.55
1480	711557.619	1189945.183
1481	711547.483	1189947.723
1482	711105.4331	1189929.745
1483	711133.7904	1189935.825
1484	711140.1388	1189937.186
1485	711051.7747	1189918.339
1486	711145.2161	1189938.274
1487	711194.2406	1189948.785
1488	711522.4926	1189953.984
1489	711188.9229	1189947.645
1490	711170.9307	1189943.787
1491	711886.787	1189863.776
1492	711159.2696	1189941.287
1493	711218.0392	1189953.665
1494	710854.5696	1189879.846
1495	711079.8443	1189924.258
1496	711100.5062	1189928.689
1497	711568.9077	1189942.354
1498	711326.0801	1189977.563
1499	712312.9565	1189939.541
1500	712481.0344	1189912.461
1501	712462.7343	1189610.157
1502	712466.6779	1189586.74
1503	712487.7104	1189472.319
1504	712463.0116	1189745.25
1505	712528.3665	1189261.862
1506	712525.2273	1189273.37
1507	712525.4519	1189272.547
1508	712536.3185	1189232.708
1509	712548.1083	1189195.544
1510	712553.292	1189179.351
1511	712558.4946	1189163.104
1512	712587.9747	1189077.462
1513	712601.1872	1189045.269
1514	712586.0233	1189082.299
1515	712587.255	1189079.232
1516	712588.3236	1189076.612
1517	712597.0446	1189055.363
1518	712602.3314	1189042.481
1519	712605.9522	1189033.659
1520	712612.9408	1189022.233
1521	712577.8152	1189102.737
1522	712573.5281	1189116.137
1523	712574.9273	1189111.763
1524	712573.9624	1189114.78
1525	712551.1371	1189186.081
1526	712577.8152	1189102.737
1527	712577.8152	1189102.737
1528	712605.9522	1189033.659
1529	712605.9522	1189033.659
1530	712605.9522	1189033.659
1531	712638.0536	1188985.176
1532	712660.559	1188951.967
1533	712649.9673	1188967.596
1534	712771.6834	1188509.822
1535	712770.9723	1188501.449
1536	712770.771	1188499.08
1537	712770.2144	1188492.527
1538	712655.7264	1188959.098
1539	712766.8303	1188452.684
1540	712771.1876	1188503.985
1541	712767.5998	1188461.743
1542	712768.2188	1188469.031
1543	712767.2826	1188458.008
1544	712768.9497	1188477.636
1545	712767.9535	1188465.907
1546	712769.2177	1188480.792
1547	712770.3235	1188493.811
1548	712768.4736	1188472.031
1549	712765.0252	1188431.43
1550	712765.0252	1188431.43
1551	712586.7026	1189080.608
1552	712650.6041	1188966.657
1553	712602.207	1189042.784
1554	712686.7797	1188912.025
1555	712725.2633	1188856.992
1556	712733.7085	1188844.676
1557	712750.0663	1188808.934
1558	712749.9091	1188809.515
1559	712767.7936	1188713.157
1560	712779.2313	1188572.927
1561	712780.996	1188604.905
1562	712770.7217	1188498.499
1563	712778.7851	1188564.841
1564	712778.9281	1188567.433
1565	712766.6764	1188415.904
1566	712754.9637	1188126.622
1567	712744.8389	1188070.702
1568	712744.6002	1188069.313
1569	712743.1296	1188060.758
1570	712740.4271	1188045.036
1571	712739.0782	1188037.189
1572	712738.3325	1188032.851
1573	712497.6867	1187615.479
1574	712762.6691	1188174.647
1575	712762.6691	1188174.647
1576	712765.5529	1188209.511
1577	712764.8885	1188201.478
1578	712765.9616	1188214.452
1579	712743.9106	1188065.302
1580	712720.0193	1187927.104
1581	712643.908	1187641.952
1582	712596.1465	1187633.305
1583	712438.9887	1187604.852
1584	712395.8397	1187597.04
1585	712386.5935	1187595.366
1586	712709.8165	1187870.71
1587	712361.5982	1187590.84
1588	712349.1687	1187588.59
1589	712313.5418	1187582.329
1590	712493.5908	1187614.737
1591	712481.2342	1187612.5
1592	712706.9561	1187856.121
1593	712711.5312	1187879.455
1594	712368.0234	1187592.003
1595	712472.8236	1187610.977
1596	712710.5926	1187874.668
1597	712735.9903	1188020.124
1598	712748.9818	1188093.925
1599	712765.1664	1188204.839
1600	712747.4175	1188085.375
1601	712762.149	1188171.272
1602	712748.3474	1188090.458
1603	712758.5064	1188147.631
1604	712766.0195	1188289.953
1605	712751.5929	1188108.198
1606	712758.7493	1188149.208
1607	712764.0808	1188191.714
1608	712766.2415	1188228.102
1609	712765.8678	1188304.931
1610	712271.5584	1187575.144
1611	712317.6245	1187583.028
1612	712318.0763	1187583.105
1613	712450.33	1187606.905
1614	712765.8387	1188301.799
1615	712414.4574	1187600.41
1616	712269.3084	1187574.653
1617	712265.6746	1187573.861
1618	712565.3624	1189141.656
1619	712560.3518	1189157.304
1620	712573.7883	1189115.324
1621	712570.8384	1189124.544
1622	712577.8152	1189102.737
1623	712562.9529	1189149.181
1624	712577.8152	1189102.737
1625	712271.5771	1187575.147
1626	710053.1238	1189671.257
1627	710087.5886	1189693.226
1628	710089.4941	1189694.507
1629	710317.4508	1189818.04
1630	710102.7976	1189705.98
1631	710312.9783	1189816.765
1632	710113.498	1189715.248
1633	710299.9896	1189813.065
1634	710268.1072	1189803.983
1635	710221.3492	1189789.265
1636	710317.1505	1189817.954
1637	710131.5904	1189731.35
1638	710308.5294	1189815.498
1639	710001.2888	1189651.621
1640	709977.1591	1189642.734
1641	709970.1111	1189640.302
1642	709724.7589	1189604.544
1643	709906.9496	1189619.043
1644	709521.9385	1189625.407
1645	709867.1737	1189605.949
1646	709936.3819	1189628.663
1647	709884.2035	1189611.468
1648	709858.3971	1189603.462
1649	709987.4151	1189646.365
1650	709902.657	1189617.593
1651	709888.2815	1189612.79
1652	709923.8713	1189624.649
1653	709978.2613	1189643.115
1654	709936.3819	1189628.663
1655	709956.3009	1189635.537
1656	709968.1613	1189639.63
1657	710032.6531	1189663.502
1658	710018.3567	1189658.086
1659	710023.0309	1189659.857
1660	710053.1238	1189671.257
1661	710053.1238	1189671.257
1662	710053.1238	1189671.257
1663	710039.3051	1189666.022
1664	710053.1238	1189671.257
1665	709927.1807	1189625.727
1666	709831.2072	1189597.46
1667	709825.0457	1189596.282
1668	710103.949	1189706.973
1669	710089.4941	1189694.507
1670	710303.1145	1189813.955
1671	710118.1922	1189719.425
1672	710066.8162	1189678.854
1673	710123.9862	1189724.582
1674	710066.8162	1189678.854
1675	710055.8642	1189672.777
1676	710053.1238	1189671.257
1677	710053.1238	1189671.257
1678	710053.1238	1189671.257
1679	709403.8662	1189550.63
1680	709390.6362	1189535.717
1681	709239.601	1189406.211
1682	709190.1391	1189392.175
1683	708764.9207	1189178.353
1684	708670.706	1189065.374
1685	708438.0682	1188778.645
1686	708355.4147	1188692.537
1687	708246.5025	1188559.092
1688	708630.7098	1189015.116
1689	708230.9637	1188534.427
1690	708398.0865	1188737.179
1691	708180.0252	1188461.011
1692	708016.3174	1188386.536
1693	708891.5255	1186769.406
1694	708152.5816	1188434.926
1695	708153.6645	1188435.653
1696	708153.6645	1188435.653
1697	708153.6645	1188435.653
1698	709017.811	1186797.308
1699	708915.8594	1186774.607
1700	708153.6645	1188435.653
1701	708153.6645	1188435.653
1702	708153.6645	1188435.653
1703	708153.6645	1188435.653
1704	708990.2542	1186790.811
1705	709038.2164	1186802.403
1706	708927.5557	1186777.088
1707	708938.322	1186779.372
1708	708153.6645	1188435.653
1709	709038.4602	1186802.464
1710	709058.8763	1186807.563
1711	709093.5695	1186816.221
1712	709060.6205	1186807.998
1713	709032.9729	1186801.094
1714	708931.8486	1186777.999
1715	708894.5385	1186770.085
1716	708846.3923	1186758.865
1717	708854.8811	1186760.848
1718	708804.2778	1186749.029
1719	708774.6038	1186742.099
1720	708738.0982	1186733.573
1721	708662.8286	1186715.743
1722	708654.7603	1186713.738
1723	708499.983	1186676.246
1724	708877.6989	1186766.177
1725	708834.0613	1186755.985
1726	708489.1981	1186673.678
1727	708497.446	1186675.642
1728	708505.4698	1186677.552
1729	708826.7758	1186754.283
1730	708803.6902	1186748.892
1731	708524.4259	1186682.064
1732	708534.2183	1186684.395
1733	708664.7315	1186716.216
1734	708661.4754	1186715.407
1735	708675.6227	1186718.922
1736	708549.0337	1186687.921
1737	708558.4921	1186690.173
1738	708566.7769	1186692.145
1739	708598.5656	1186699.775
1740	708614.964	1186703.85
1741	708632.6426	1186708.242
1742	708547.2457	1186687.496
1743	708560.6172	1186690.679
1744	708589.4035	1186697.533
1745	708575.4427	1186694.208
1746	708596.1841	1186699.183
1747	708620.6906	1186705.273
1748	708638.6355	1186709.732
1749	708652.497	1186713.176
1750	708372.308	1186646.407
1751	708123.6373	1186585.71
1752	708352.4563	1186641.412
1753	708305.2445	1186629.532
1754	707664.4256	1186475.822
1755	707021.9884	1186324.446
1756	706344.9159	1187388.565
1757	706167.1353	1187320.241
1758	706149.5146	1187307.499
1759	706137.505	1187298.815
1760	706127.8604	1187291.842
1761	705853.5561	1187093.969
1762	705853.5561	1187093.969
1763	705853.5561	1187093.969
1764	705853.5561	1187093.969
1765	705907.7526	1187133.001
1766	704805.6241	1188732.976
1767	704757.4655	1188630.226
1768	704760.6215	1188633.931
1769	704805.6241	1188732.976
1770	706679.735	1187497.342
1771	706766.8562	1187562.838
1772	707056.374	1187719.301
1773	707305.0244	1187937.041
1774	707211.7701	1187875.198
1775	707318.127	1187941.357
1776	707318.7782	1187941.571
1777	707426.6492	1187969.614
1778	707488.4419	1187982.16
1779	707476.5131	1187979.865
1780	707499.572	1187985.494
1781	707525.5146	1187994.945
1782	707559.806	1188013.478
1783	707644.3821	1188088.424
1784	707761.889	1188214.831
1785	707698.4455	1188146.351
1786	707791.6973	1188248.352
1787	707841.9462	1188302.319
1788	707945.7579	1188367.833
1789	707964.3342	1188372.989
1790	707994.3212	1188381.311
1791	707744.3638	1188195.402
1792	707097.4406	1188248.339
1793	705900.7037	1188846.155
1794	707252.9143	1188292.321
1795	705711.5166	1188978.084
1796	705792.2365	1188930.987
1797	705683.3238	1188984.016
1798	705647.3016	1188987.476
1799	705654.0679	1188986.907
1800	705578.5669	1188991.581
1801	705179.6449	1189149.993
1802	704817.3774	1188930.742
1803	705374.2303	1189056.922
1804	705181.9245	1189148.922
1805	704817.6194	1188931.072
1806	704810.0515	1188920.003
1807	703005.1234	1187452.356
1808	702966.7178	1187424.534
1809	704815.427	1188928.088
1810	704812.206	1188923.706
1811	704811.0257	1188921.677
1812	704812.206	1188923.706
1813	704809.9826	1188919.884
1814	704812.206	1188923.706
1815	704812.206	1188923.706
1816	704812.206	1188923.706
1817	704812.206	1188923.706
1818	702966.7178	1187424.534
1819	704809.4261	1188918.928
1820	704798.2199	1188890.469
1821	704797.9702	1188888.826
1822	704800.3682	1188714.969
1823	704651.3612	1188556.826
1824	704481.8259	1188485.313
1825	703890.2263	1187964.85
1826	704263.777	1188271.297
1827	704132.3983	1188042.525
1828	704217.4049	1188151.324
1829	704019.2268	1187995.234
1830	703865.2012	1187957.024
1831	703812.9238	1187938.295
1832	703774.8595	1187922.791
1833	703669.6444	1187873.486
1834	703614.223	1187826.091
1835	703578.3084	1187782.468
1836	703515.5538	1187703.971
1837	703306.468	1187531.605
1838	703140.9625	1187472.981
1839	702968.9518	1187426.152
1840	703685.9915	1187883.193
1841	703254.8947	1187502.764
1842	702857.2907	1187241.808
1843	703224.3925	1187489.07
1844	703049.839	1187460.49
1845	702716.1365	1187035.039
1846	702726.917	1187046.508
1847	702839.3919	1187210.934
1848	702604.2478	1186898.815
1849	702776.0562	1187105.346
1850	702677.8765	1186999.928
1851	702579.6971	1186857.156
1852	702562.2	1186830.883
1853	702367.2522	1186632.062
1854	702310.0765	1186528.958
1855	702247.7665	1186381.562
1856	702237.6507	1186365.397
1857	702735.3977	1187055.76
1858	702722.9105	1187042.137
1859	702731.6228	1187051.642
1860	702319.2687	1186551.377
1861	702292.2475	1186487.644
1862	702632.245	1186946.199
1863	702328.0007	1186575.128
1864	702017.0104	1186249.272
1865	702283.5907	1186466.16
1866	702232.9696	1186358.261
1867	702196.048	1186323.326
1868	702613.5712	1186914.592
1869	701835.7377	1186146.666
1870	701753.285	1186081.111
1871	702559.2031	1186826.607
1872	702419.833	1186686.506
1873	702166.4254	1186304.019
1874	701651.4247	1186039.794
1875	702051.2651	1186266.486
1876	701797.0669	1186115.502
1877	702058.7637	1185205.733
1878	701821.6064	1186135.105
1879	701792.6836	1186112.001
1880	702054.626	1185582.132
1881	712729.9163	1187413.899
1882	712732.5521	1187356.269
1883	712730.1137	1187326.855
1884	712713.3541	1187111.072
1885	712708.3911	1187150.539
1886	713786.5923	1186059.287
1887	713258.193	1186426.489
1888	713647.8458	1186158.098
1889	712770.417	1186955.511
1890	712857.3139	1186788.145
1891	713193.1043	1186466.88
1892	712848.9934	1186808.704
1893	712856.8383	1186789.324
1894	713565.808	1186213.327
1895	713278.8604	1186413.846
1896	712951.5525	1186650.341
1897	713017.2723	1186590.218
1898	713500.8639	1186257.995
1899	713680.0207	1186135.297
1900	713714.28	1186110.772
1901	713718.4798	1186107.766
1902	713715.9593	1186109.57
1903	713714.3471	1186110.724
1904	713978.4608	1185916.491
1905	713720.5368	1186106.295
1906	713947.5749	1185940.921
1907	713757.4795	1186080.017
1908	713939.7254	1185947.13
1909	713774.6517	1186067.79
1910	713914.9948	1185965.931
1911	713885.4837	1185988.26
1912	713899.8593	1185977.383
1913	713864.7074	1186003.808
1914	713069.2424	1186544.998
1915	713856.1958	1186009.84
1916	713843.7428	1186018.665
1917	713817.7367	1186037.111
1918	713917.2257	1185964.243
1919	713941.7839	1185945.502
1920	713959.247	1185931.689
1921	714110.526	1185795.612
1922	714187.0995	1185681.43
1923	714269.1973	1185534.697
1924	713902.2303	1185975.589
1925	713931.5377	1185953.414
1926	713913.6016	1185966.985
1927	714152.5427	1185739.052
1928	714207.5006	1185645.719
1929	713906.2578	1185972.542
1930	713993.9498	1185904.24
1931	714002.9643	1185897.111
1932	714040.542	1185865.914
1933	714091.7953	1185816.517
1934	714242.6305	1185583.058
1935	714285.5299	1185503.052
1936	714381.9003	1184951.568
1937	714338.1876	1185336.432
1938	714382.35	1185159.82
1939	714381.0299	1184895.18
1940	714380.4967	1184720.91
1941	714380.9699	1184875.504
1942	714380.9047	1184854.102
1943	714380.6104	1184760.52
1944	714380.5691	1184746.968
1945	714380.5318	1184712.097
1946	714380.809	1184825.661
1947	714371.3936	1184528.7
1948	714361.2152	1184503.982
1949	714282.3277	1184371.33
1950	714194.221	1184146.174
1951	714109.8648	1183841.11
1952	714173.9958	1184078.793
1953	714098.4639	1183800.536
1954	714098.752	1183801.561
1955	714098.7805	1183801.663
1956	714031.927	1183554.787
1957	714091.0742	1183772.447
1958	714091.0168	1183772.231
1959	714089.6826	1183767.231
1960	714066.891	1183684.911
1961	714035.5474	1183568.002
1962	714037.5892	1183575.456
1963	714018.9075	1183504.052
1964	713968.4201	1183229.282
1965	713971.2726	1183248.482
1966	713932.8243	1182767.993
1967	713924.3417	1182633.469
1968	713924.9254	1182581.96
1969	714168.3143	1181208.827
1970	714353.2107	1180640.615
1971	713961.2711	1182267.122
1972	714158.4598	1181238.158
1973	713983.0469	1182102.244
1974	714008.2927	1181924.914
1975	714004.7693	1181948.228
1976	714156.6545	1178877.855
1977	714023.0994	1181826.674
1978	714377.4504	1179466.654
1979	714371.6263	1179385.552
1980	714305.3633	1178981.182
1981	714394.6745	1180508.53
1982	714063.7204	1181541.451
1983	714007.6886	1181928.911
1984	714002.298	1181964.569
1985	713953.5321	1182351.046
1986	713931.2056	1182740.554
1987	713939.0852	1182909.69
1988	713933.3656	1182782.917
1989	713952.0287	1183110.613
1990	713940.2099	1182930.669
1991	713958.6258	1183164.45
1992	713987.4649	1183350.44
1993	713947.3956	1183052.622
1994	713974.3659	1183269.225
1995	713972.7297	1183258.271
1996	714025.0138	1183529.552
1997	713978.6548	1183298.995
1998	714017.2472	1183496.181
1999	714030.0099	1183547.789
2000	714061.0076	1183662.92
2001	714026.724	1183535.794
2002	714035.0748	1183566.277
2003	714046.8661	1183610.039
2004	714049.9665	1183621.635
2005	714060.5725	1183661.294
2006	714059.1324	1183655.911
2007	714048.7848	1183617.215
2008	714052.0805	1183629.541
2009	714081.0244	1183735.389
2010	714078.6089	1183726.83
2011	714062.1003	1183667.004
2012	714086.8095	1183756.462
2013	714080.8172	1183734.654
2014	714098.498	1183800.657
2015	714097.0343	1183795.448
2016	714104.0246	1183820.326
2017	714133.1204	1183924.569
2018	714122.019	1183884.483
2019	714129.1247	1183910.141
2020	714143.8555	1183963.69
2021	714089.6598	1183767.145
2022	714111.9234	1183848.436
2023	714117.7858	1183869.3
2024	714135.6871	1183933.837
2025	714150.8528	1183991.487
2026	714159.2797	1184024.986
2027	714182.5244	1184107.206
2028	714200.6162	1184170.671
2029	714213.0062	1184221.665
2030	714202.5554	1184178.491
2031	714313.7967	1184420.406
2032	714296.958	1184393.441
2033	714346.1662	1184473.389
2034	714363.2386	1184508.513
2035	714344.5879	1184470.913
2036	714379.2219	1184587.446
2037	714378.9324	1184567.275
2038	714379.0082	1184572.557
2039	714378.8224	1184564.193
2040	714379.7251	1184612.886
2041	714380.7341	1184661.257
2042	714380.6233	1184689.097
2043	714380.7783	1184650.157
2044	714380.8037	1184643.781
2045	714380.7413	1184659.451
2046	714380.5871	1184698.19
2047	714380.7135	1184666.443
2048	714380.5535	1184741.833
2049	714380.5818	1184751.113
2050	714380.8997	1184852.47
2051	714380.9865	1184880.94
2052	714382.2197	1184962.662
2053	714381.9099	1184951.904
2054	714384.2784	1185040.085
2055	714380.878	1184845.361
2056	714380.9007	1184852.814
2057	714380.9199	1184859.096
2058	714381.0455	1184900.298
2059	714384.6836	1185100.378
2060	714364.3347	1185243.892
2061	714330.9799	1185365.988
2062	714354.4042	1185278.248
2063	714363.9695	1185245.156
2064	714334.0523	1185353.405
2065	714381.3301	1185173.288
2066	714324.5944	1185400.08
2067	714316.8115	1185428.567
2068	714336.813	1185342.074
2069	714294.4208	1185483.297
2070	714298.1399	1185474.943
2071	714311.2733	1185443.846
2072	714268.5745	1185535.904
2073	714279.8453	1185514.066
2074	714259.3376	1185553.678
2075	714218.1236	1185626.873
2076	714231.9005	1185602.241
2077	714101.9972	1185805.971
2078	714115.7211	1185789.303
2079	714099.1507	1185809.428
2080	714055.5059	1185851.492
2081	714038.1972	1185868.174
2082	713945.448	1185942.603
2083	713932.2487	1185952.876
2084	713937.1353	1185949.179
2085	713927.7533	1185956.277
2086	713840.0069	1186021.313
2087	713908.5152	1185970.834
2088	713896.4922	1185979.931
2089	713863.3346	1186004.78
2090	713937.1353	1185949.179
2091	714259.976	1185552.564
2092	713893.6207	1185982.103
2093	713927.1583	1185956.728
2094	713943.318	1185944.288
2095	713991.9317	1185905.836
2096	713960.369	1185930.801
2097	714099.1507	1185809.428
2098	714114.9959	1185790.184
2099	714137.257	1185763.148
2100	714137.257	1185763.148
2101	714164.883	1185719.6
2102	716787.7247	1187340.657
2103	716798.2263	1187331.292
2104	714324.3046	1185405.443
2105	714324.3046	1185405.443
2106	714324.3046	1185405.443
2107	716935.2289	1187223.83
2108	716935.2289	1187223.83
2109	716990.4097	1187190.292
2110	714373.9478	1185210.635
2111	716935.2289	1187223.83
2112	717049.0195	1187154.666
2113	713750.0975	1186085.273
2114	713774.0838	1186068.194
2115	713781.7696	1186062.721
2116	713779.1896	1186064.558
2117	713788.7991	1186057.716
2118	713809.8899	1186042.698
2119	713811.0528	1186041.87
2120	713637.9607	1186164.753
2121	713537.6272	1186232.297
2122	713622.2783	1186175.311
2123	713550.6589	1186223.525
2124	713636.784	1186165.545
2125	713563.9106	1186214.604
2126	713444.4019	1186298.144
2127	713508.8082	1186252.378
2128	713554.5725	1186220.89
2129	713561.6177	1186216.148
2130	713485.1875	1186269.08
2131	713495.9618	1186261.462
2132	713600.0315	1186190.288
2133	713471.5697	1186278.709
2134	713439.6664	1186301.706
2135	713353.6472	1186364.595
2136	713410.1393	1186323.918
2137	713383.6434	1186343.514
2138	713307.0304	1186396.717
2139	713329.6273	1186381.483
2140	713142.1411	1186498.465
2141	713283.9515	1186410.823
2142	713191.2075	1186468.056
2143	713288.7179	1186407.993
2144	713012.7066	1186594.298
2145	713012.3322	1186594.632
2146	713012.3322	1186594.632
2147	713140.7129	1186499.35
2148	713140.9885	1186499.179
2149	713191.1543	1186468.089
2150	712960.363	1186642.198
2151	713191.6392	1186467.788
2152	712993.0547	1186611.983
2153	713052.3737	1186559.129
2154	713012.3322	1186594.632
2155	712962.8072	1186639.939
2156	712964.4051	1186638.462
2157	712781.498	1186933.033
2158	712873.8372	1186753.089
2159	712859.656	1186783.03
2160	712808.6752	1186886.338
2161	712850.472	1186805.096
2162	712828.9819	1186851.059
2163	712849.4574	1186807.61
2164	712854.1859	1186795.895
2165	712796.591	1186905.556
2166	712799.5299	1186900.882
2167	712847.3184	1186812.654
2168	712736.9001	1187052.722
2169	712728.9673	1187312.992
2170	712728.9673	1187312.992
2171	712811.7318	1186881.477
2172	712839.173	1186831.862
2173	712829.4582	1186850.186
2174	712851.8426	1186801.7
2175	712738.4582	1187048.588
2176	712767.9659	1186961.983
2177	712716.2552	1187219.866
2178	712718.357	1187235.297
2179	712850.3987	1186805.277
2180	712713.1587	1187197.166
2181	712743.6234	1187033.806
2182	712743.0459	1187035.667
2183	712741.6477	1187040.127
2184	712759.7906	1186983.951
2185	712742.9746	1187035.897
2186	712719.5295	1187244.229
2187	712731.527	1187406.426
2188	712732.6518	1187393.157
2189	712956.9174	1187660.23
2190	713168.7209	1187699.229
2191	713150.9916	1187695.89
2192	712944.619	1187658.081
2193	712889.5201	1187648.452
2194	712732.259	1187397.791
2195	712732.8157	1187391.223
2196	712983.6119	1187664.904
2197	713003.4417	1187668.749
2198	713152.6759	1187696.207
2199	713170.482	1187699.56
2200	712983.1814	1187664.821
2201	712719.2917	1187473.106
2202	712731.9772	1187401.116
2203	712931.8977	1187655.858
2204	713042.1119	1187675.922
2205	712709.0763	1187565.537
2206	712915.1147	1187652.925
2207	712716.4758	1187498.648
2208	701737.68	1181589.447
2209	701249.7634	1181849.449
2210	701730.2789	1181593.388
2211	701616.5114	1181653.283
2212	701408.8521	1181763.825
2213	701236.6091	1181856.748
2214	701074.0621	1181939.734
2215	701074.0621	1181939.734
2216	701194.3318	1181878.516
2217	701074.0498	1181939.74
2218	701059.9144	1181946.681
2219	701492.3117	1183856.987
2220	701576.1477	1181674.258
2221	701039.3528	1181956.362
2222	700924.9848	1182013.822
2223	700829.6662	1182106.615
2224	700616.3997	1182314.143
2225	700118.3173	1182700.057
2226	699883.5676	1182858.534
2227	699673.9446	1183000.386
2228	699739.1929	1182956.188
2229	699517.7266	1183106.365
2230	699827.1097	1183990.591
2231	699961.3711	1183981.979
2232	699203.0336	1183284.808
2233	699158.1034	1183307.344
2234	699127.5277	1183323.265
2235	699181.5304	1183295.941
2236	698855.014	1183970.259
2237	698868.6655	1184067.834
2238	698989.4809	1184369.479
2239	699118.785	1184503.746
2240	699229.5847	1184868.823
2241	699192.8069	1185204.924
2242	699168.8946	1185269.499
2243	699184.8946	1185233.329
2244	699096.1248	1185407.101
2245	699089.048	1185420.338
2246	699079.0887	1185708.917
2247	699611.0442	1185556.816
2248	699612.37	1185567.206
2249	699044.3666	1185580.774
2250	699617.3245	1185602.749
2251	699248.3602	1186385.968
2252	699266.951	1186445.753
2253	699734.5226	1186503.639
2254	699266.5306	1186442.118
2255	699256.9497	1186470.906
2256	699208.9948	1186577.173
2257	699225.3667	1186541.077
2258	699594.3258	1186685.22
2259	699117.9986	1186830.213
2260	699116.9044	1186833.402
2261	699079.6351	1186930.561
2262	699094.6936	1186890.168
2263	698587.0939	1187408.292
2264	697795.1952	1188002.599
2265	695927.2411	1188838.456
2266	695961.1599	1188741.339
2267	696419.4024	1188472.031
2268	696435.097	1188467.905
2269	696382.5983	1188481.714
2270	697613.9388	1188135.083
2271	698385.1728	1187559.288
2272	698351.4701	1187584.257
2273	698768.4652	1187271.266
2274	698450.7425	1187510.107
2275	699258.9137	1186420.568
2276	699077.4816	1186936.436
2277	699137.0923	1186773.285
2278	698911.6912	1187161.539
2279	698890.9144	1187176.522
2280	698887.2244	1187179.182
2281	699218.332	1186556.587
2282	699240.1718	1186275.108
2283	699241.6031	1186262.803
2284	699040.0573	1185610.527
2285	699131.776	1185959.542
2286	699114.0576	1185789.732
2287	699116.8196	1185367.845
2288	699187.441	1185225.424
2289	699222.3037	1184930.043
2290	699090.4716	1184454.939
2291	698856.9096	1183981.956
2292	699114.003	1183331.778
2293	699221.1609	1183275.254
2294	702637.7737	1181213.817
2295	702635.9977	1181214.489
2296	711163.5466	1179004.255
2297	711307.8263	1178951.078
2298	698910.5206	1187162.385
2299	698845.7676	1187211.595
2300	698878.0038	1187186.391
2301	697944.5402	1187889.696
2302	698123.6797	1187754.737
2303	698575.7829	1187416.738
2304	698300.6613	1187620.657
2305	697788.6499	1188007.583
2306	697559.7604	1188165.473
2307	697360.364	1188227.09
2308	697015.6697	1188316.609
2309	697551.3674	1188169.546
2310	697193.704	1188270.381
2311	697454.7571	1188203.199
2312	697053.7107	1188307.012
2313	697012.4349	1188317.426
2314	696767.7997	1188379.924
2315	696710.282	1188394.99
2316	696701.5576	1188397.275
2317	696075.6696	1188597.635
2318	695849.7762	1189079.359
2319	696302.1388	1188503.009
2320	696115.4778	1188570.702
2321	695900.964	1188919.78
2322	696029.0189	1188641.778
2323	695945.522	1188785.34
2324	695933.5253	1188819.865
2325	695909.1657	1188892.672
2326	695928.8649	1188833.652
2327	695878.5533	1188992.79
2328	695874.7651	1189004.497
2329	695866.6825	1189028.956
2330	695886.9042	1188966.911
2331	695921.7787	1188854.616
2332	695897.5416	1188931.34
2333	695864.933	1189033.971
2334	695894.782	1188940.662
2335	695910.4151	1188888.791
2336	695954.4222	1188757.277
2337	695953.9044	1188758.541
2338	695926.0841	1188841.879
2339	695952.6594	1188762.521
2340	695938.9252	1188804.308
2341	695947.0767	1188780.369
2342	695957.3663	1188750.093
2343	695987.1212	1188696.297
2344	696001.6297	1188675.33
2345	695960.0188	1188743.62
2346	696059.6839	1188610.48
2347	695971.5406	1188720.589
2348	696037.0537	1188632.55
2349	695960.0188	1188743.62
2350	695960.0188	1188743.62
2351	695953.9044	1188758.541
2352	695953.9044	1188758.541
2353	695953.9044	1188758.541
2354	696085.0834	1188590.009
2355	696128.2414	1188562.935
2356	696124.2919	1188565.104
2357	696081.5069	1188592.944
2358	696081.8684	1188592.653
2359	696085.0834	1188590.009
2360	697855.2878	1187957.15
2361	698058.2315	1187804.045
2362	696095.3171	1188583.508
2363	696224.3309	1188522.972
2364	696290.8303	1188506.007
2365	697111.6131	1188292.07
2366	696570.9542	1188432.832
2367	696838.9557	1188361.568
2368	696985.7491	1188324.158
2369	696998.1981	1188321.017
2370	697792.144	1188004.923
2371	697138.7858	1188284.917
2372	697505.9624	1188187.669
2373	697213.6742	1188265.095
2374	697658.4538	1188104.083
2375	697896.2806	1187926.115
2376	698028.2369	1187826.639
2377	698268.5985	1187643.548
2378	698364.8804	1187574.321
2379	698650.0517	1187361.008
2380	698833.3108	1187221.3
2381	698859.0035	1187201.247
2382	702062.0155	1184456.21
2383	702064.9143	1184242.069
2384	702049.594	1184809.395
2385	702050.1424	1184743.301
2386	702057.9785	1184528.262
2387	702066.4677	1184152.537
2388	702067.9945	1183908.252
2389	702039.0871	1183871.698
2390	702067.1755	1183906.404
2391	702068.0882	1184069.04
2392	701556.8894	1183857.617
2393	702069.4833	1183911.611
2394	702069.4833	1183911.611
2395	702069.4833	1183911.611
2396	702028.6687	1183866.472
2397	702064.0211	1183899.287
2398	702064.6402	1183900.684
2399	701988.067	1183863.388
2400	701846.0846	1183861.29
2401	702067.1328	1183906.308
2402	702004.2495	1183863.648
2403	700881.0775	1183909.769
2404	701831.5712	1183861.13
2405	700929.1443	1183903.271
2406	700761.8156	1183925.891
2407	701244.9548	1183861.891
2408	701160.7771	1183871.988
2409	700608.5689	1183943.127
2410	701044.2993	1183887.703
2411	700840.8951	1183915.201
2412	700786.2585	1183922.587
2413	700696.7433	1183934.126
2414	700361.4548	1183957.989
2415	700074.1038	1183975.032
2416	699580.5516	1184047.885
2417	699519.2819	1184077.327
2418	699485.368	1184479.504
2419	699437.4575	1184147.806
2420	699441.5142	1184182.308
2421	699493.2589	1184534.023
2422	699449.8998	1184239.178
2423	699475.1384	1184409.019
2424	699543.0635	1185166.122
2425	699553.3261	1185203.92
2426	699563.5478	1185241.528
2427	699528.9368	1184810.44
2428	699532.2332	1184977.783
2429	699531.1117	1185025.732
2430	699530.0195	1185072.434
2431	699539.8546	1185154.131
2432	699557.5802	1185219.572
2433	699572.7122	1185275.314
2434	699575.6566	1185286.367
2435	699579.5902	1185307.399
2436	699579.2119	1185305.376
2437	699580.9399	1185315.817
2438	699617.9207	1185606.952
2439	699687.788	1186106.904
2440	699764.8248	1186423.345
2441	699613.6179	1185576.62
2442	699685.8204	1186092.8
2443	699620.9478	1185628.292
2444	699643.4151	1185780.996
2445	699654.3255	1185860.621
2446	699673.0777	1186001.052
2447	699691.6404	1186134.516
2448	699643.8444	1185784.507
2449	699631.6821	1185696.732
2450	699538.1891	1186756.58
2451	699431.8389	1186864.737
2452	699316.5372	1186929.601
2453	699476.5567	1186826.294
2454	699337.6197	1186917.484
2455	699259.7501	1186962.187
2456	699121.9195	1187039.289
2457	699102.2862	1187050.341
2458	699349.1194	1186911.228
2459	699020.4567	1187097.231
2460	699308.3809	1186934.289
2461	699267.5534	1186957.754
2462	699076.5193	1185446.146
2463	698912.5954	1184275.029
2464	698920.1284	1184292.563
2465	699057.369	1185502.394
2466	699053.8903	1185519.935
2467	699053.8903	1185519.935
2468	699052.7316	1185527.592
2469	698912.5954	1184275.029
2470	698912.5954	1184275.029
2471	698920.1284	1184292.563
2472	699043.7008	1185585.127
2473	699038.0613	1185625.212
2474	698912.5954	1184275.029
2475	699053.8903	1185519.935
2476	699038.4658	1185622.236
2477	699038.0613	1185625.212
2478	699037.0046	1185642.961
2479	699037.0046	1185642.961
2480	698128.4459	1187751.146
2481	699037.0046	1185642.961
2482	699037.0046	1185642.961
2483	699037.0046	1185642.961
2484	699037.0046	1185642.961
2485	699037.0046	1185642.961
2486	698103.2717	1187770.112
2487	699037.0046	1185642.961
2488	699037.0046	1185642.961
2489	698867.2963	1184055.511
2490	699037.0046	1185642.961
2491	699037.0046	1185642.961
2492	698877.3361	1184168.205
2493	698873.5682	1184152.12
2494	698864.7229	1184031.289
2495	698865.9769	1184043.415
2496	698849.5586	1183937.303
2497	698953.1492	1183494.713
2498	698953.1492	1183494.713
2499	698951.1255	1183498.581
2500	698953.1492	1183494.713
2501	698953.1492	1183494.713
2502	698953.1492	1183494.713
2503	698953.1492	1183494.713
2504	713447.1593	1187788.907
2505	713391.0772	1187778.429
2506	713450.9294	1187789.609
2507	713325.1248	1187766.156
2508	713295.3671	1187723.475
2509	712996.8754	1187702.546
2510	713245.7507	1187713.818
2511	713259.2721	1187753.474
2512	713016.1917	1187706.03
2513	712935.8067	1187692.206
2514	705794.7796	1180824.316
2515	699021.9719	1183418.206
2516	699044.8977	1183394.969
2517	700003.8589	1182776.769
2518	700079.46	1182726.004
2519	700498.2954	1182428.912
2520	699332.4703	1183215.483
2521	699406.5102	1183177.101
2522	699440.5595	1183158.495
2523	699458.2183	1183146.563
2524	699560.1164	1183077.577
2525	699581.7516	1183062.884
2526	699237.9778	1183266.391
2527	699263.0093	1183253.198
2528	699387.1139	1183187.094
2529	699925.2642	1182830.447
2530	700011.8918	1182771.272
2531	701372.8591	1181782.371
2532	700486.9186	1182439.612
2533	700613.8838	1182316.468
2534	700652.2938	1182279.037
2535	700890.3332	1182046.183
2536	700625.4744	1182305.579
2537	701030.2606	1181960.665
2538	701057.1564	1181948.035
2539	701149.1385	1181900.855
2540	701391.2466	1181772.763
2541	701501.4219	1181714.307
2542	701950.4159	1181477.12
2543	701810.1461	1181550.847
2544	701866.9948	1181520.554
2545	702834.7447	1181139.909
2546	702698.0769	1181191.535
2547	702785.9968	1181158.539
2548	703034.7356	1181066.587
2549	703374.5744	1180937.654
2550	702801.9017	1181152.505
2551	702892.1781	1181118.235
2552	702936.2849	1181102.35
2553	703065.0559	1181055.377
2554	703205.7482	1181001.21
2555	703760.9679	1180797.3
2556	703976.5303	1180798.106
2557	703166.6211	1181016.297
2558	703769.9212	1180795.066
2559	703461.6978	1180905.221
2560	704048.6508	1180798.974
2561	704141.5728	1180799.21
2562	704192.7782	1180800.41
2563	704150.1951	1180799.33
2564	704138.8582	1180799.207
2565	704394.6267	1180804.508
2566	703760.5225	1180797.411
2567	703717.5556	1180813.022
2568	703760.5225	1180797.411
2569	704900.8739	1180811.467
2570	704290.663	1180802.073
2571	704319.5713	1180802.486
2572	704465.8952	1180806.628
2573	706159.0744	1180827.119
2574	705768.6031	1180823.736
2575	706225.2501	1180828.38
2576	705059.9007	1180813.372
2577	706310.7269	1180829.286
2578	705296.4893	1180816.294
2579	705534.1927	1180820.348
2580	706327.1571	1180829.465
2581	706095.7808	1180826.984
2582	706172.8435	1180826.962
2583	705469.4874	1180816.209
2584	705718.6083	1180822.913
2585	706166.2037	1180827.038
2586	707019.97	1180482.643
2587	707067.7476	1180439.932
2588	708369.8988	1179784.739
2589	707208.919	1180323.671
2590	707380.0896	1180189.675
2591	707452.7512	1180133.68
2592	708327.1717	1179852.147
2593	708376.3888	1179778.173
2594	708161.0279	1180093.561
2595	708700.3837	1179783.963
2596	708725.9593	1179787.65
2597	708892.0767	1179814.799
2598	708825.2965	1179803.172
2599	709739.0961	1179578.368
2600	708827.7352	1179803.544
2601	708810.9563	1179800.99
2602	709456.3206	1179751.928
2603	708781.0208	1179796.334
2604	708856.7161	1179808.128
2605	709418.8499	1179777.964
2606	709869.8793	1179522.15
2607	710224.3844	1179485.36
2608	710506.4315	1179457.583
2609	710251.4259	1179482.776
2610	710442.2943	1179464.237
2611	710354.9563	1179472.735
2612	710343.1425	1179473.974
2613	710816.033	1179308.644
2614	711915.4699	1178679.051
2615	710233.963	1179484.445
2616	711642.1994	1178808.825
2617	711589.4476	1178833.067
2618	710120.5884	1179495.317
2619	710477.8267	1179460.754
2620	710886.2084	1179181.147
2621	711408.7185	1178911.819
2622	711679.2369	1178791.804
2623	711974.0434	1178651.681
2624	711952.3944	1178661.181
2625	712081.5706	1178611.491
2626	712074.7099	1178612.872
2627	712035.6158	1178625.937
2628	712023.042	1178630.992
2629	712185.7524	1178609.49
2630	712226.7658	1178609.647
2631	712138.665	1178609.308
2632	712154.2855	1178609.369
2633	712357.4364	1178612.71
2634	712447.3176	1178618.178
2635	713147.7695	1178721.432
2636	712500.3884	1178622.488
2637	712619.9563	1178633.363
2638	712676.0057	1178639.479
2639	712544.4152	1178625.667
2640	712646.8183	1178636.111
2641	712753.6907	1178653.184
2642	712833.2705	1178667.986
2643	713425.7226	1178781.291
2644	713625.5206	1178806.787
2645	713961.9958	1178841.718
2646	712937.7635	1178686.829
2647	713222.5977	1178737.283
2648	713340.5161	1178766.046
2649	713651.6148	1178809.994
2650	713841.7293	1178833.567
2651	713980.1287	1178842.762
2652	712354.884	1187589.625
2653	712361.0296	1187590.737
2654	712351.3086	1187588.977
2655	708799.8591	1186747.997
2656	708440.1773	1186662.01
2657	708402.733	1186653.097
2658	708304.6981	1186629.394
2659	708760.3731	1186738.775
2660	708709.5286	1186726.899
2661	708606.9962	1186701.87
2662	708412.0493	1186655.314
2663	706099.0032	1186044.344
2664	706099.0032	1186044.344
2665	714057.6311	1181583.409
2666	714023.0763	1181826.829
2667	706159.5158	1180827.114
2668	706145.4439	1180827.275
2669	721300.7121	1181854.122
2670	704229.052	1188180.729
2671	704242.5407	1188219.145
2672	704246.0569	1188229.159
2673	704200.7677	1188114.656
2674	704152.8525	1188058.797
2675	704241.2818	1188215.56
2676	704233.2083	1188192.567
2677	704123.6599	1188036.317
2678	705137.0988	1185869.958
2679	705121.3813	1185866.146
2680	705426.1671	1185939.735
2681	705608.0213	1185983.19
2682	705508.7071	1185959.416
2683	705732.6322	1186013.379
2684	705638.7814	1185990.554
2685	705669.6415	1185997.943
2686	705768.549	1186022.086
2687	696008.6958	1188665.118
2688	696008.6958	1188665.118
2689	696008.6958	1188665.118
2690	695971.5406	1188720.589
2691	713749.7862	1212076.974
2692	719456.2758	1211416.411
2693	721984.4308	1211917.783
2694	708851.5465	1220098.089
2695	765967.0539	1263945.716
2696	765705.7321	1263602.206
2697	765967.0539	1263945.716
2698	765705.7321	1263602.206
2699	724567.8827	1228847.592
2700	712496.2969	1212430.814
2701	700975.7521	1211962.692
2702	706643.0928	1205714.916
2703	714932.709	1201581.599
